1000 9886
581 638
163 754
977 75
803 652
448 692
238 115
81 414
812 326
446 92
472 584
821 48
180 313
110 41
609 990
339 952
707 441
123 174
925 833
837 806
270 217
113 84
782 762
100 854
119 90
800 868
602 48
711 374
986 147
971 205
990 699
313 491
425 225
378 195
131 275
541 324
165 112
925 97
630 364
482 212
425 409
503 590
394 910
507 523
256 931
369 622
173 438
778 872
430 479
320 118
714 874
75 988
942 378
357 698
356 963
861 153
642 334
515 996
681 396
81 258
996 967
5 970
690 66
553 202
58 744
439 53
796 634
102 209
965 93
801 916
325 446
420 644
23 939
427 610
944 328
796 745
323 661
550 952
457 991
573 505
731 329
6 922
957 922
802 989
654 874
896 410
612 996
64 582
551 587
863 821
783 798
280 30
797 711
85 725
251 565
582 523
430 740
72 448
445 749
462 693
195 26
927 981
575 97
557 344
523 200
941 569
191 46
18 400
94 703
795 712
815 645
997 226
380 228
716 334
350 980
575 5
924 771
835 360
380 347
532 328
5 72
892 254
87 604
807 839
866 385
688 725
327 105
226 915
99 131
49 938
195 884
920 403
472 15
914 154
310 989
810 347
832 174
822 777
714 142
291 851
439 379
776 293
634 89
528 710
965 799
658 953
239 734
218 648
258 43
30 705
758 206
121 251
486 909
725 465
240 743
60 510
704 182
906 606
288 877
101 443
603 553
489 153
382 428
975 409
814 793
84 574
729 775
650 663
399 605
951 128
165 138
150 417
614 122
391 969
983 787
489 443
399 450
817 142
367 62
557 154
869 152
888 817
287 665
881 634
552 550
898 492
155 791
617 64
45 314
772 910
185 44
999 551
102 539
36 95
87 173
6 241
413 373
252 451
881 309
368 704
864 709
575 57
484 830
412 51
324 967
826 513
79 384
985 480
752 437
237 435
627 599
41 344
230 772
914 111
190 714
653 722
981 197
398 791
702 649
274 353
187 576
683 967
100 723
156 882
622 696
536 321
571 22
283 322
937 120
396 163
986 655
865 593
799 495
74 455
568 611
753 537
639 301
353 907
687 346
598 643
407 900
306 259
145 647
440 881
633 44
290 463
945 691
897 797
914 725
336 593
659 775
749 783
788 737
419 350
901 846
115 207
331 954
23 576
211 736
750 951
664 990
321 506
724 546
78 247
747 387
586 527
112 954
242 841
295 209
794 720
484 158
980 763
399 229
238 485
355 651
987 94
211 236
95 693
439 711
8 719
694 859
753 445
916 321
117 830
650 149
599 218
639 921
56 74
807 41
721 296
886 610
320 591
856 561
144 669
418 388
551 36
863 342
445 898
48 941
234 968
623 438
327 21
476 753
394 792
342 946
517 502
102 326
23 450
390 835
934 942
66 547
468 115
606 185
988 568
883 852
740 551
373 58
620 13
434 910
515 907
11 728
377 168
50 254
514 337
473 730
575 836
926 962
314 810
496 953
225 221
597 621
163 3
515 310
310 470
974 889
903 327
694 328
346 490
92 26
810 644
672 890
103 442
950 145
560 251
319 354
391 785
674 367
641 30
254 909
216 593
380 995
508 40
994 867
691 769
873 166
160 951
110 191
807 239
940 268
246 527
633 621
251 999
158 337
821 63
532 198
864 542
919 646
540 601
462 249
1000 78
801 35
345 159
133 174
652 914
797 215
375 450
677 545
199 157
723 10
939 362
299 715
339 614
636 208
497 711
606 488
218 425
237 379
100 949
192 243
199 963
381 956
420 579
813 835
904 993
173 548
446 616
105 938
734 479
865 412
493 563
278 289
960 392
979 404
733 189
728 665
978 107
690 240
502 434
732 603
365 650
439 391
850 490
500 151
249 913
693 928
936 223
754 890
791 195
840 152
406 167
62 773
68 450
583 439
857 579
640 666
40 291
225 249
12 185
269 550
145 984
55 117
332 734
810 986
279 653
546 612
908 323
595 866
828 682
79 480
427 771
194 522
623 516
103 478
345 654
367 37
189 773
944 6
59 717
997 15
559 776
210 202
108 874
247 337
628 97
342 463
878 237
552 873
557 488
389 118
411 706
85 423
801 94
305 553
604 901
660 919
475 731
8 278
982 14
473 46
866 209
76 125
460 284
816 524
587 331
480 758
19 231
721 385
78 774
709 820
502 978
985 52
644 161
567 390
866 369
978 855
562 534
834 211
265 756
598 895
992 711
257 737
512 345
818 895
514 580
274 653
256 896
938 744
467 132
303 874
269 902
625 472
919 76
84 123
984 393
306 141
787 678
918 396
10 665
908 178
737 960
738 379
789 974
192 347
662 436
89 965
254 9
183 23
455 786
975 491
121 468
701 583
871 795
125 405
642 151
935 574
208 463
704 452
651 207
200 163
517 682
310 184
756 408
828 573
958 628
45 325
307 674
146 540
523 102
12 737
107 805
272 894
204 377
600 930
373 225
587 952
324 546
128 349
494 150
846 939
631 467
877 815
345 166
644 464
937 618
114 477
521 363
668 462
852 659
579 189
548 864
787 40
592 48
590 479
649 15
636 169
131 477
773 918
151 774
892 370
536 518
316 822
977 660
248 740
6 731
630 341
974 678
643 969
192 106
304 628
363 19
770 881
504 288
169 366
322 848
841 316
951 291
753 536
179 562
861 210
917 736
866 712
281 70
432 763
961 740
149 967
22 447
923 544
373 409
845 975
239 320
349 640
357 181
486 283
324 66
841 888
954 185
224 854
297 910
85 795
879 385
94 971
76 626
2 589
901 623
993 518
64 830
194 997
323 27
87 82
159 417
993 631
298 839
561 843
732 276
56 877
310 934
369 474
702 484
530 557
837 363
772 754
385 654
498 785
426 50
621 381
323 454
859 264
843 655
973 256
929 841
216 401
658 280
290 628
496 129
985 451
915 488
493 812
114 675
213 221
633 546
227 273
778 995
28 198
984 180
892 517
143 567
165 43
193 306
416 543
182 678
39 855
260 896
600 115
505 526
197 491
658 879
326 129
572 233
706 611
410 164
448 799
861 133
615 922
123 780
614 146
978 498
242 647
438 152
96 111
774 550
421 838
941 15
11 982
659 802
508 468
200 29
589 541
989 259
467 922
629 989
146 868
926 371
485 117
207 568
147 468
58 249
542 847
543 402
587 866
921 768
494 108
684 228
547 804
989 711
812 843
761 964
828 759
674 651
63 78
618 755
930 279
380 194
623 134
76 203
374 124
775 477
303 675
857 458
233 544
17 755
773 204
833 369
692 444
56 470
166 47
77 576
781 578
319 519
436 481
438 729
826 681
387 191
647 965
100 950
265 735
506 109
770 612
290 890
411 210
585 675
503 584
294 685
425 786
559 147
156 646
344 158
487 963
421 294
597 957
176 162
933 347
886 469
154 18
103 21
486 999
805 785
553 200
607 389
724 167
278 204
162 664
550 559
205 726
794 85
245 757
771 959
612 791
387 934
550 455
908 380
893 794
250 780
409 374
135 77
582 510
434 966
682 756
758 735
889 540
547 994
362 740
78 216
390 180
837 597
185 22
622 555
478 263
218 86
971 572
458 729
648 617
226 621
747 641
264 786
310 784
531 820
790 963
683 17
207 887
996 40
315 966
756 1000
212 654
910 459
35 911
604 676
915 435
643 605
695 908
22 522
98 228
706 487
874 773
982 344
936 352
75 156
525 12
154 293
445 482
550 399
628 859
496 262
494 785
282 129
585 552
396 185
696 399
938 284
933 494
827 615
539 43
705 327
631 441
13 701
606 1
974 613
316 343
743 152
700 22
107 442
687 365
974 941
352 423
694 796
27 669
144 479
182 315
408 356
119 916
373 388
923 497
696 806
702 909
866 519
443 314
727 458
657 663
825 582
341 230
48 25
15 623
863 811
298 721
398 407
101 236
731 173
24 65
902 108
823 746
989 670
318 502
670 107
428 626
927 600
682 925
994 923
147 952
674 233
693 59
640 441
769 731
39 409
316 610
631 224
415 894
768 285
915 94
359 525
345 71
881 21
203 97
167 394
833 170
925 762
912 711
255 349
978 824
575 366
961 319
288 98
875 448
857 77
592 494
666 621
652 520
464 881
676 390
783 482
679 525
614 766
767 468
382 818
809 140
46 229
595 61
109 699
352 464
898 115
278 968
27 712
943 974
488 752
639 127
842 223
383 317
735 552
258 444
22 461
616 928
426 733
978 414
597 568
999 500
340 599
144 330
54 973
132 911
997 787
128 784
712 925
764 339
750 949
785 727
492 989
272 558
756 78
443 439
427 842
449 950
485 80
913 261
487 902
733 938
717 357
93 523
332 965
656 723
141 917
664 254
662 681
261 336
345 487
627 505
204 414
77 1000
259 407
371 695
530 554
532 44
533 341
773 326
171 252
281 844
614 422
56 76
274 255
646 367
460 214
597 499
925 630
930 466
659 16
666 828
591 993
886 915
209 611
428 779
288 158
951 813
933 866
229 30
151 805
333 898
852 918
43 284
566 720
697 679
554 248
919 288
170 737
601 3
160 311
144 972
606 300
166 378
999 967
47 458
430 454
582 465
923 195
173 480
945 258
732 384
460 888
370 865
795 314
961 598
214 982
71 165
127 847
918 36
723 76
127 732
348 31
718 786
224 21
645 933
814 996
963 490
841 415
306 519
701 64
42 993
335 944
860 263
498 39
846 36
480 749
957 853
615 345
963 264
926 412
766 223
159 503
641 28
272 665
916 146
845 212
58 134
206 247
599 805
191 866
638 789
517 626
129 849
612 688
702 626
720 343
466 754
859 73
143 176
57 55
534 547
369 453
760 754
854 332
447 238
124 105
241 131
4 889
816 659
490 326
241 28
259 589
995 375
252 372
234 923
109 29
940 289
530 323
937 323
645 596
565 331
913 218
221 645
261 53
424 441
890 212
925 595
196 837
285 692
624 904
131 825
709 513
343 775
148 791
455 629
114 825
316 477
66 692
303 705
112 346
975 243
761 67
248 362
109 643
222 930
889 231
712 616
766 319
986 41
133 169
310 257
89 935
847 90
336 908
867 696
20 670
529 517
596 117
262 311
923 747
659 833
825 553
295 437
730 630
489 476
842 600
437 164
2 643
993 988
202 363
929 436
158 6
676 711
492 692
403 486
898 585
391 136
564 608
949 170
223 437
685 672
638 640
532 117
293 519
259 907
902 163
869 468
601 526
378 401
285 163
808 848
221 805
765 694
722 566
368 351
651 766
748 570
86 49
967 798
74 537
882 347
349 286
275 226
520 566
237 460
735 349
369 860
9 771
268 568
770 726
327 223
826 842
903 918
8 197
658 3
87 703
672 427
839 209
528 812
299 868
841 437
936 415
149 606
620 980
598 523
445 11
386 517
550 366
454 275
827 983
205 919
533 553
864 336
607 504
330 404
222 926
814 66
68 288
13 353
880 970
475 302
874 1000
165 550
921 184
741 519
49 85
361 459
732 206
988 96
664 598
11 17
681 593
366 832
571 57
77 272
734 399
206 76
79 454
780 811
452 308
772 875
702 748
88 357
135 449
323 33
694 80
695 265
57 510
281 710
1000 234
301 763
731 74
324 556
56 194
406 778
545 386
543 651
30 346
394 97
548 787
695 604
184 102
95 880
616 41
196 149
427 442
104 221
765 664
327 413
642 459
557 748
281 913
838 555
324 849
971 150
574 113
393 472
503 493
469 173
742 272
971 103
162 62
47 64
710 315
523 4
889 355
852 849
544 130
892 594
715 491
495 643
973 815
689 532
924 341
563 15
286 682
469 624
252 864
476 300
871 373
818 67
178 482
269 825
642 309
951 317
131 808
560 662
745 670
123 866
260 966
741 938
926 628
672 627
875 924
257 243
363 102
980 433
116 191
465 385
196 119
200 114
292 546
276 431
728 75
923 832
46 529
751 340
275 753
132 686
208 316
480 689
289 925
987 34
972 694
276 141
314 312
133 772
9 270
546 255
855 107
413 52
34 971
129 819
26 135
112 885
501 747
281 674
417 879
547 667
752 871
609 950
773 325
80 36
741 209
501 668
427 265
946 827
736 523
359 850
177 802
548 823
700 782
113 940
76 48
761 776
635 803
910 273
930 467
308 419
240 297
995 171
653 5
304 982
782 207
52 936
625 90
74 672
460 437
763 740
938 856
939 545
562 732
471 704
454 376
886 45
814 446
943 30
583 7
880 86
524 759
266 707
340 432
785 229
479 181
291 876
442 384
870 960
908 229
756 543
653 150
102 297
712 589
624 297
699 345
774 661
331 893
7 382
46 480
343 678
35 113
698 915
24 766
900 871
244 89
543 233
927 78
345 774
271 554
681 592
186 94
868 598
79 265
237 641
823 926
699 148
695 523
684 448
881 950
916 147
862 819
632 224
834 612
318 685
34 124
932 901
280 292
906 56
1000 147
853 575
180 261
74 768
863 512
848 487
811 237
1000 34
67 141
674 191
73 828
664 505
406 818
685 605
855 877
735 491
916 727
796 381
869 657
318 233
597 71
668 167
209 590
179 402
790 758
621 467
26 611
227 2
50 349
877 168
333 822
887 371
890 213
973 870
226 237
545 615
965 662
221 422
115 232
226 348
245 32
399 512
598 902
782 743
422 625
842 50
951 756
496 762
616 731
71 565
18 579
240 767
241 743
193 687
88 387
141 391
736 383
44 177
956 268
614 368
852 333
525 481
968 448
453 466
34 476
291 503
993 241
410 519
300 127
563 515
823 77
145 878
898 292
333 193
922 430
733 864
723 310
764 922
175 943
779 201
375 872
11 291
289 849
877 550
660 188
167 92
369 480
316 745
99 715
109 478
955 260
998 129
582 971
142 964
750 25
181 866
256 583
185 359
318 133
235 797
986 883
811 260
761 689
578 9
961 439
320 313
230 796
468 865
697 365
735 237
442 772
539 414
922 522
886 843
43 559
2 508
313 741
723 602
615 536
769 88
635 422
678 214
779 818
634 242
834 496
175 184
586 369
865 302
896 139
616 680
175 297
141 201
734 216
917 600
330 258
370 855
867 505
173 184
193 538
407 904
732 937
895 47
418 673
97 102
172 368
944 665
504 96
196 382
676 32
969 58
382 65
94 853
921 433
689 171
466 228
549 943
589 594
917 427
646 539
162 163
633 374
68 199
362 804
309 731
1 26
186 22
595 174
101 153
671 13
909 648
392 536
174 398
17 893
141 879
509 789
827 368
423 69
885 682
101 123
229 182
417 20
950 382
310 985
224 538
526 697
543 741
177 948
766 602
493 146
801 694
45 731
363 682
954 599
924 867
66 662
472 802
164 18
4 961
385 833
997 484
285 936
640 729
919 425
853 165
786 30
627 968
246 54
526 100
710 385
969 521
15 404
398 260
652 522
501 108
619 953
106 540
433 452
35 536
218 654
54 906
340 413
69 313
507 676
1 521
37 347
296 987
708 495
693 896
753 541
883 666
59 364
757 125
266 526
965 896
253 942
948 882
366 759
75 710
576 417
280 670
243 733
123 133
898 202
956 308
278 808
941 40
944 276
49 112
103 317
72 175
328 57
457 923
29 543
515 508
864 202
616 999
280 43
922 486
245 973
581 867
621 822
766 161
966 935
441 216
752 954
396 848
769 490
864 808
600 786
141 996
772 622
919 777
332 165
725 586
805 899
471 722
842 962
95 710
346 27
543 622
209 567
158 392
437 351
464 275
123 118
144 657
716 485
548 903
626 99
355 75
713 25
523 552
839 485
217 110
305 134
647 994
762 786
229 583
834 120
948 274
681 249
313 497
144 353
301 255
193 798
469 418
587 195
623 769
628 925
829 130
926 804
304 531
678 361
701 968
973 931
852 84
18 13
304 66
417 709
291 252
794 205
542 601
62 877
36 136
724 253
547 284
931 957
128 958
880 531
720 824
665 201
499 415
393 526
763 974
512 596
585 34
220 995
422 899
918 772
116 156
244 457
673 583
121 514
811 945
584 245
347 113
771 755
261 289
959 350
500 529
195 37
661 192
310 790
665 261
833 699
927 909
364 555
881 663
399 36
627 471
428 184
802 489
720 162
601 929
303 425
251 104
177 845
255 928
900 495
720 49
938 136
686 958
708 530
913 446
307 859
383 244
627 610
386 598
772 25
190 932
946 574
449 254
655 90
881 172
420 824
520 70
888 896
283 480
505 176
268 372
638 101
911 738
473 914
978 913
445 332
191 824
340 102
16 372
568 705
363 79
606 153
143 901
222 134
207 246
889 395
597 954
768 980
38 233
19 760
684 978
222 785
840 592
144 103
268 299
26 87
616 875
429 122
379 947
175 618
838 222
184 919
315 127
159 38
896 480
935 897
901 881
573 500
461 826
283 842
755 810
911 542
284 900
964 38
761 304
629 958
579 266
232 380
285 494
641 126
769 417
536 340
241 498
42 741
354 819
851 605
765 63
531 603
253 267
726 458
87 132
24 841
666 312
955 632
226 616
606 72
705 342
919 678
982 2
285 850
683 163
173 977
446 351
543 951
268 939
266 272
331 13
459 976
263 908
345 313
754 327
294 994
558 687
575 375
373 811
302 489
984 192
496 669
256 789
424 407
614 838
84 161
643 380
420 163
293 187
192 2
433 296
396 180
645 551
23 119
26 137
335 385
597 862
357 729
76 212
838 24
415 505
793 681
117 249
706 934
939 94
712 567
144 67
883 558
455 889
629 94
831 822
499 313
616 839
180 868
382 70
835 129
791 336
380 611
179 760
962 837
10 374
229 322
876 687
685 79
907 93
882 447
58 205
815 977
45 321
949 795
508 253
572 566
941 647
138 244
531 631
589 149
441 925
690 792
711 646
582 778
414 936
823 532
350 554
78 469
405 683
318 68
411 674
740 47
398 476
365 87
536 253
99 375
317 276
113 23
707 372
524 745
857 263
930 461
536 876
955 866
479 96
996 756
783 88
539 460
541 150
191 525
673 478
677 374
571 991
273 112
317 763
972 310
469 901
759 222
959 520
914 251
274 346
579 765
545 957
838 346
182 734
330 69
974 682
316 16
501 28
620 38
412 611
623 861
575 990
210 894
283 758
212 208
175 460
168 150
116 372
407 681
11 704
654 410
947 396
931 819
514 249
776 548
119 964
745 557
675 310
390 468
362 103
839 763
491 905
665 236
371 207
922 197
228 588
422 229
46 309
126 103
988 70
920 478
650 715
858 630
752 313
239 189
115 67
625 13
141 769
36 468
801 492
190 482
542 855
413 129
78 279
770 661
447 102
342 408
864 920
721 1
295 50
669 225
104 29
360 167
823 632
347 419
171 241
565 33
124 183
81 152
346 873
554 306
129 148
136 231
140 634
562 723
765 698
345 760
22 995
682 158
230 941
80 324
27 335
985 455
969 970
736 971
151 197
574 19
311 585
544 450
502 30
764 357
658 54
967 64
364 27
402 376
41 456
726 809
52 712
143 563
827 706
372 767
539 246
724 314
562 685
356 838
909 472
841 482
786 293
296 41
575 621
743 511
726 523
953 327
878 950
37 382
554 936
44 590
80 799
671 755
446 802
250 419
143 838
383 333
496 559
885 11
192 360
67 900
359 212
602 611
944 820
816 413
834 803
282 265
211 421
819 546
768 903
900 865
736 657
66 622
729 721
343 273
708 441
28 987
395 504
848 341
91 425
261 415
45 376
157 138
164 167
309 387
595 982
944 238
581 727
711 808
103 663
470 894
769 501
391 413
439 689
764 857
462 722
414 849
95 660
422 332
649 280
7 994
12 373
450 29
699 594
892 97
548 853
820 896
114 481
705 642
388 106
782 318
786 837
702 113
136 18
445 248
213 12
696 42
145 228
143 369
700 626
256 667
114 707
62 355
9 885
912 514
852 94
677 270
73 991
826 804
468 45
435 220
934 774
520 214
196 983
993 829
370 990
957 464
945 424
109 659
910 689
631 622
814 186
250 455
684 890
487 438
550 720
67 936
649 737
176 841
575 224
267 354
418 778
845 689
2 973
511 397
149 906
369 961
582 208
819 574
823 222
382 442
940 794
174 422
505 973
768 683
628 37
758 672
233 59
15 535
306 697
228 442
335 518
567 507
163 913
665 375
617 110
580 102
507 274
751 255
219 390
298 795
595 611
998 428
929 171
113 776
593 6
812 288
947 571
530 625
803 575
275 118
756 581
228 446
123 64
679 33
702 130
189 309
905 124
389 799
553 690
551 491
934 497
437 519
121 970
494 584
167 482
26 722
744 803
781 610
503 266
765 979
880 291
278 484
354 86
619 590
621 244
153 638
363 157
118 897
725 167
49 654
505 60
818 633
166 523
575 933
562 452
269 786
881 4
308 840
844 906
444 280
619 138
913 775
182 396
719 223
757 8
678 981
233 356
184 948
187 87
461 844
387 633
797 786
634 692
305 160
469 925
261 565
337 343
250 812
716 853
914 909
572 721
189 947
319 336
447 367
693 579
256 74
129 252
78 137
688 77
768 981
916 85
172 42
3 852
624 865
206 877
416 511
362 599
60 934
629 965
981 538
667 318
985 607
52 258
175 970
798 819
195 282
531 852
74 937
200 612
476 965
459 145
392 86
764 124
787 866
250 76
473 13
22 712
26 647
542 809
912 684
341 14
288 118
904 233
990 885
416 13
777 470
467 379
503 494
217 129
291 646
682 477
443 579
351 202
243 981
464 998
178 812
235 805
397 14
661 925
919 137
870 761
282 894
246 167
230 536
509 866
258 231
644 995
857 883
604 223
822 2
459 571
465 570
690 181
247 696
516 265
135 973
836 622
126 138
993 968
403 986
762 402
804 147
556 492
404 769
339 300
766 453
85 949
727 490
451 183
953 409
475 45
573 684
975 744
865 269
506 845
486 495
254 923
863 779
348 452
276 25
849 169
51 795
747 534
930 42
695 366
932 620
864 810
479 899
116 975
372 625
807 193
119 297
769 650
560 492
534 538
986 23
604 586
972 998
830 412
100 185
91 255
397 767
950 533
661 622
166 4
575 424
603 14
982 442
490 940
648 146
557 862
6 750
636 825
319 639
178 833
730 306
291 674
420 774
421 43
973 750
1000 532
311 428
38 300
166 369
478 167
740 606
890 47
356 839
656 191
531 413
365 527
459 598
867 341
581 495
895 131
453 124
917 557
519 937
984 326
760 584
940 529
351 738
671 643
947 491
491 999
519 591
97 428
336 932
309 914
71 535
418 854
143 221
475 438
257 220
993 234
496 782
807 9
857 438
306 515
310 91
537 389
660 325
914 981
422 528
727 383
51 966
323 109
654 947
551 557
147 475
59 679
850 870
778 155
623 250
263 337
108 230
217 611
676 574
783 32
484 15
391 557
711 696
700 159
143 188
385 636
243 416
817 593
285 219
68 733
821 57
418 508
493 88
170 141
650 179
2 941
15 103
454 589
934 379
536 822
705 641
868 203
317 347
307 861
588 73
866 359
824 121
886 866
714 947
382 541
886 157
9 709
283 482
269 491
985 252
804 640
773 651
353 378
979 410
227 641
583 228
305 807
130 482
24 865
593 784
23 109
536 914
178 470
810 531
795 365
463 11
926 913
571 450
535 103
884 827
757 51
922 24
72 779
533 898
115 879
499 460
301 190
344 735
509 187
993 246
386 476
885 256
44 224
376 240
339 484
233 169
620 563
755 812
148 198
276 499
3 605
371 55
546 336
505 957
713 352
127 610
772 883
721 797
902 490
25 806
188 694
484 205
546 320
234 404
254 979
955 412
444 927
197 689
20 222
665 743
918 755
479 987
595 610
962 291
671 473
397 980
398 343
91 195
818 663
6 360
378 413
158 439
125 928
241 163
208 948
412 38
323 389
90 440
18 173
756 388
622 709
61 777
483 75
484 656
341 105
344 259
255 727
184 172
772 469
647 919
27 310
9 775
947 841
51 188
826 854
520 405
99 136
653 679
698 472
821 977
41 993
843 57
554 188
596 471
541 466
445 509
946 258
515 811
652 496
901 870
853 706
377 249
197 430
680 904
58 548
80 984
541 869
216 739
624 229
990 500
224 243
16 265
799 278
140 913
767 226
382 68
590 681
666 658
554 643
258 324
816 422
724 823
11 900
784 132
325 300
552 352
97 325
752 974
713 179
197 994
932 363
715 877
366 939
242 717
498 291
813 152
941 483
873 437
357 236
655 661
937 154
437 132
977 407
831 500
764 953
466 916
983 153
566 99
932 585
543 313
851 635
191 916
215 992
264 676
215 849
726 438
815 678
251 933
989 955
612 426
133 95
523 459
337 572
549 583
661 585
187 778
199 466
303 208
820 46
566 606
588 2
626 461
934 18
983 504
526 248
449 164
680 552
156 298
597 173
429 619
388 803
784 925
739 404
139 730
66 982
106 539
157 836
277 568
773 707
460 706
378 855
966 60
469 636
400 29
74 245
62 741
122 336
602 934
822 927
247 947
843 400
183 107
645 682
480 154
408 423
597 737
908 76
103 88
140 38
638 81
932 90
82 213
465 731
839 215
549 479
419 246
2 946
276 341
629 161
156 461
975 469
798 438
604 481
126 101
698 874
383 542
663 696
757 269
33 729
34 370
896 345
971 959
257 401
25 877
158 209
194 236
567 397
825 726
2 583
885 538
657 277
733 982
276 137
635 616
228 130
877 747
912 478
785 901
24 209
82 187
234 37
473 334
695 527
539 799
442 141
194 48
481 523
713 884
536 219
556 742
429 785
549 635
553 632
96 961
520 544
890 475
818 588
431 419
550 159
381 800
661 734
385 559
248 783
83 711
285 683
605 40
516 57
403 928
614 780
795 98
245 167
549 959
342 663
933 464
918 364
466 359
662 865
699 2
26 778
286 320
226 295
580 682
598 567
210 240
148 606
465 694
581 256
693 966
438 881
24 595
850 291
957 541
337 508
852 634
466 24
654 743
253 800
976 725
611 646
153 482
600 437
448 674
927 74
894 59
578 808
281 326
871 857
879 306
457 517
650 380
922 527
487 929
916 159
668 212
58 105
21 99
539 989
591 396
996 220
134 199
356 115
622 370
238 123
5 186
815 745
787 392
972 948
599 247
412 195
360 788
94 485
441 693
597 402
303 283
749 183
401 231
99 30
506 4
71 92
623 467
830 155
192 795
851 502
801 503
235 863
181 605
259 57
812 785
835 688
692 847
144 813
108 118
454 14
769 981
838 416
288 524
677 110
164 183
404 646
818 948
726 533
291 780
18 556
331 575
188 156
724 62
658 988
2 88
709 540
525 396
47 485
965 69
412 843
107 357
789 503
560 545
325 311
309 594
499 124
745 372
798 398
727 572
545 526
106 422
271 522
550 771
99 819
227 190
263 150
512 674
46 130
613 262
101 242
980 715
512 337
508 212
38 749
207 227
958 978
559 785
413 71
91 85
275 410
8 575
281 749
927 610
198 886
117 846
281 670
221 488
807 25
659 6
313 301
869 288
302 675
967 855
332 462
226 841
43 773
604 674
844 290
740 418
668 135
744 805
47 826
948 183
888 704
308 278
971 126
972 269
494 569
443 569
293 126
799 844
196 791
252 635
112 14
520 101
350 24
80 556
271 50
92 631
51 530
611 181
162 869
622 535
808 207
278 183
780 269
554 622
685 392
917 673
481 170
559 403
72 985
942 43
163 482
680 24
440 861
212 986
408 507
796 598
283 525
965 57
270 993
127 770
20 712
251 948
391 35
362 913
179 765
533 790
609 112
167 183
851 175
963 425
720 658
112 775
940 911
751 319
552 671
111 988
292 666
920 227
25 769
797 675
251 745
768 983
641 95
383 808
846 144
133 811
707 202
432 924
788 9
294 229
185 52
902 241
25 547
299 76
835 46
375 249
285 17
233 704
583 714
698 378
826 311
530 595
77 800
318 218
179 304
322 242
984 625
833 307
227 28
445 205
445 162
605 815
686 178
807 867
104 480
142 198
971 26
44 944
958 356
286 909
961 849
605 753
826 986
477 894
593 957
577 80
101 946
961 177
742 316
840 830
363 123
512 847
217 466
314 572
780 305
553 249
371 434
80 965
395 866
396 441
533 584
76 933
941 147
135 860
727 646
174 258
417 543
3 502
206 147
776 694
340 605
646 763
95 104
81 795
799 43
654 154
440 710
353 591
465 21
826 6
77 128
507 367
405 235
237 300
573 908
134 216
941 744
356 88
876 741
6 422
620 481
637 170
363 765
290 685
717 210
479 163
190 82
256 778
948 301
252 511
255 904
773 209
901 44
480 817
83 891
325 730
17 665
180 243
826 557
520 368
886 917
366 784
48 933
591 345
863 495
317 23
47 242
640 552
400 461
553 281
259 386
297 91
969 553
679 606
667 446
61 745
359 354
397 129
201 768
383 104
610 188
502 430
399 936
970 84
53 848
917 555
577 350
45 800
407 857
875 81
16 42
572 87
761 828
747 27
536 726
399 846
865 52
439 89
131 664
851 9
762 436
690 441
158 739
879 505
349 332
190 429
409 911
484 501
121 405
548 190
732 179
915 661
543 101
635 389
417 261
56 579
517 609
793 162
488 174
234 446
636 258
556 135
439 541
759 904
650 460
464 183
765 23
802 3
219 495
924 530
659 487
915 849
895 370
534 549
817 499
302 789
730 976
297 439
803 516
164 798
972 949
132 316
705 534
545 77
854 433
748 716
898 931
691 596
29 325
855 985
490 895
761 157
731 708
981 570
41 408
649 217
692 217
161 535
491 488
734 308
259 510
260 845
501 191
50 297
450 591
307 490
292 382
166 403
779 836
117 857
636 573
911 543
553 23
765 270
991 333
652 349
304 563
729 374
914 480
202 478
150 86
135 902
248 368
690 123
818 4
133 47
6 625
244 228
303 606
413 657
710 905
938 232
884 948
153 76
851 37
249 763
749 830
400 659
699 489
292 897
760 626
334 60
554 760
987 466
225 467
73 12
615 234
564 840
301 862
555 519
423 463
809 788
232 352
654 909
16 609
290 384
185 174
495 457
206 788
15 310
162 198
845 67
354 702
315 940
203 250
690 880
12 836
570 170
110 99
792 224
497 174
5 157
595 945
601 528
798 986
808 854
660 927
776 764
949 455
185 362
389 784
104 374
530 270
348 1
325 547
752 273
950 834
610 915
94 224
334 787
367 649
818 740
549 788
198 322
1 774
723 55
627 864
558 546
946 256
412 740
753 778
636 577
624 57
236 311
843 281
224 407
166 526
45 727
635 76
114 424
439 483
206 410
852 392
690 31
139 495
512 835
303 592
676 222
353 715
956 190
405 416
651 392
762 381
799 272
175 522
865 124
888 459
101 418
391 34
163 195
606 693
664 604
607 644
242 632
477 511
872 991
998 3
304 27
789 236
371 21
633 490
462 508
937 918
284 539
746 218
324 372
642 945
755 40
537 157
665 336
99 524
816 996
677 941
402 829
439 762
384 882
711 128
817 526
470 20
938 298
385 698
479 846
747 986
894 927
952 386
237 136
665 995
155 701
172 757
48 555
857 267
751 196
522 783
118 343
564 53
10 181
717 625
991 86
151 143
208 591
230 908
608 157
827 698
75 177
916 857
810 292
299 167
562 645
579 737
729 140
714 856
491 65
77 176
10 835
856 9
529 101
35 492
952 540
645 519
830 541
652 357
822 925
952 651
846 182
719 271
757 120
280 628
210 781
887 965
746 747
429 45
639 100
219 633
951 424
516 411
594 935
582 699
25 416
731 159
870 264
174 370
267 60
451 299
487 729
776 774
508 983
304 7
654 811
107 586
970 580
853 363
432 859
933 504
292 703
314 339
479 639
794 729
820 601
696 615
163 938
793 487
668 661
775 211
29 941
578 579
975 967
369 466
349 860
336 37
172 955
747 809
217 806
843 566
695 521
517 825
242 54
207 903
205 146
561 557
507 61
695 702
994 553
631 316
464 264
321 177
530 455
490 792
87 430
344 799
799 993
929 803
881 42
367 767
388 400
728 355
359 703
677 278
950 778
848 972
977 744
315 174
191 690
213 854
948 287
696 368
606 279
772 205
675 922
161 852
311 478
3 25
101 806
841 375
932 154
715 282
53 975
105 444
317 986
53 960
469 681
168 374
441 831
639 24
141 413
550 571
70 592
538 211
663 150
282 277
969 245
932 463
167 188
666 659
427 641
176 911
619 373
15 910
295 398
500 888
68 4
659 667
606 540
811 948
36 182
626 621
54 194
707 724
261 300
906 83
279 951
141 946
169 645
7 841
599 915
696 754
825 978
272 958
536 27
150 628
497 129
243 421
229 858
53 172
509 570
661 429
366 413
424 612
43 906
445 786
651 715
583 524
105 597
604 553
952 442
271 138
942 877
942 853
523 533
829 765
230 25
821 841
18 102
950 871
111 707
631 38
100 958
429 544
178 864
515 675
847 638
994 414
776 213
196 844
514 633
142 302
588 810
735 917
720 787
389 767
912 292
197 294
217 408
679 722
683 663
453 93
278 739
757 143
885 122
50 937
50 155
396 499
326 884
995 615
580 543
83 33
67 612
914 643
239 418
40 300
282 361
635 323
34 351
694 434
804 214
954 295
236 135
353 660
249 619
849 468
707 333
62 378
599 736
695 141
882 404
935 738
429 557
521 698
480 640
543 489
929 333
932 592
826 63
883 2
423 95
916 44
483 257
48 290
985 583
740 732
435 974
845 467
518 59
96 574
450 549
105 416
65 460
146 354
385 718
61 661
63 507
297 75
433 790
973 448
21 979
815 493
393 340
982 118
765 638
624 638
604 700
200 810
791 596
283 165
484 610
953 263
913 302
627 216
504 571
458 53
472 25
109 796
443 680
687 901
872 760
293 777
166 444
630 241
710 185
821 752
1 551
633 828
946 99
577 12
14 627
473 659
405 318
188 162
135 997
782 628
85 891
988 345
914 596
419 78
225 163
805 105
214 975
529 811
509 235
771 882
148 876
417 524
447 693
949 723
549 393
291 409
898 147
183 159
480 334
465 414
319 463
176 274
694 265
876 676
586 434
788 326
145 844
993 896
160 699
837 287
132 689
719 799
357 122
33 284
879 485
826 211
183 735
8 590
427 4
45 461
860 502
773 473
24 248
206 736
579 390
247 268
177 942
768 247
517 964
755 329
846 944
960 879
426 71
778 432
800 728
10 712
432 764
149 646
695 597
184 109
877 951
548 873
717 782
83 974
246 366
806 204
248 894
317 551
303 66
762 875
445 429
763 158
156 800
402 416
4 380
633 766
283 431
340 52
838 351
201 874
454 84
793 622
458 528
887 678
390 558
356 830
306 215
828 60
75 926
313 997
387 298
272 180
909 145
733 333
951 314
808 60
44 502
390 526
762 303
598 665
399 884
684 550
301 114
563 675
951 472
239 474
991 971
283 920
440 197
461 505
549 429
781 663
150 488
941 435
390 443
926 281
124 665
606 889
842 520
738 745
903 123
450 481
177 671
361 202
772 822
168 870
133 764
707 795
210 481
450 272
343 223
897 215
609 238
167 36
82 679
981 585
859 101
753 474
953 232
703 956
262 818
321 406
575 246
759 373
968 570
807 35
574 826
264 929
531 997
125 726
843 791
971 218
430 916
138 553
615 47
732 60
274 409
87 655
700 730
39 616
924 402
763 186
411 193
311 424
299 788
526 501
303 836
108 156
862 77
723 905
348 834
300 989
219 727
18 598
992 853
802 746
396 351
107 662
239 393
255 890
685 351
617 569
689 868
358 9
430 906
839 730
555 895
296 618
315 454
120 110
486 173
384 221
962 646
928 794
853 827
253 31
1 24
571 102
383 908
884 231
6 215
707 870
964 95
305 462
859 931
826 24
936 696
702 687
314 372
152 71
885 763
208 452
546 171
72 318
717 402
774 91
375 818
447 129
215 933
751 87
935 428
907 92
769 56
855 245
789 743
114 395
902 846
775 468
318 1
27 105
530 409
747 933
364 711
683 189
852 732
377 564
783 110
340 208
824 117
401 228
772 509
611 303
4 903
815 441
986 777
63 297
169 69
691 372
977 400
412 275
236 47
554 196
297 181
989 467
209 865
312 534
9 602
430 490
438 561
483 638
529 44
2 568
876 253
170 894
177 138
412 983
914 625
295 766
645 751
712 656
988 229
731 892
735 616
495 791
928 758
297 642
82 152
653 293
569 858
733 87
477 409
390 496
675 66
699 88
438 492
276 511
295 429
741 717
630 32
512 677
713 356
533 209
939 717
81 242
281 464
897 238
38 736
239 97
833 744
693 268
354 682
720 358
902 8
600 976
897 392
388 789
295 9
879 117
627 666
21 609
833 443
9 41
781 699
854 467
48 973
237 51
330 663
38 172
648 880
322 211
626 421
517 18
356 69
796 463
928 63
476 691
509 415
815 194
636 893
303 30
839 56
571 806
112 1
51 512
916 839
459 820
465 823
136 273
360 719
2 358
166 445
633 850
852 180
725 162
726 709
987 967
588 557
353 100
101 718
928 265
250 599
733 10
239 449
370 560
477 332
97 83
357 650
143 26
935 825
819 609
919 947
900 806
851 176
543 174
49 222
141 646
381 1
163 850
781 649
816 184
729 957
349 362
256 79
422 604
634 770
85 766
565 644
358 642
825 815
367 176
632 287
944 21
447 72
985 561
512 431
517 946
849 98
301 755
803 625
308 177
751 911
517 963
55 900
958 815
618 560
405 507
877 805
776 737
111 413
425 260
647 721
737 70
137 152
764 121
930 455
768 278
109 76
350 846
481 557
791 353
857 186
341 9
89 32
532 486
708 743
892 388
783 215
914 98
165 172
277 866
95 175
23 322
942 620
653 711
360 668
566 892
382 601
311 583
574 347
159 643
797 991
579 739
231 300
782 900
126 578
753 820
644 941
314 584
187 714
683 577
634 17
710 154
939 338
277 437
204 763
922 954
781 69
870 80
382 138
867 538
421 780
671 682
853 595
69 68
966 466
552 34
166 778
206 359
780 18
874 978
976 749
538 108
358 509
548 133
839 646
625 830
917 456
353 723
963 390
410 522
638 4
395 466
110 477
861 760
561 103
101 166
251 537
818 705
755 921
202 827
171 440
765 914
284 633
893 59
731 128
567 318
521 883
953 382
685 847
712 243
842 890
113 890
602 299
294 273
152 788
833 577
119 292
564 471
9 653
56 230
642 693
228 492
219 473
765 707
656 889
87 315
186 984
460 207
578 422
411 821
507 172
90 380
160 98
969 972
53 409
476 708
976 260
651 877
458 916
371 470
485 846
330 897
670 667
585 653
307 403
771 352
221 297
41 67
723 539
156 692
732 731
594 724
353 194
145 491
600 125
140 224
895 142
532 830
535 489
3 168
645 633
938 761
407 858
891 575
641 574
895 31
109 662
3 313
928 751
567 809
330 468
558 20
813 62
252 183
569 829
332 685
314 928
978 123
603 618
343 303
327 874
254 503
99 795
45 685
923 695
817 136
581 959
139 100
694 246
876 749
667 650
424 232
45 370
533 45
798 654
755 117
405 922
484 165
288 562
20 199
925 196
659 488
915 850
696 580
312 253
437 972
30 267
380 212
143 40
826 490
350 996
134 485
974 320
981 503
455 155
220 828
298 210
744 958
483 82
781 743
857 321
964 675
658 370
270 84
237 479
350 774
835 406
389 827
758 150
970 435
273 929
83 630
905 712
843 16
311 542
293 128
847 745
960 387
580 980
815 15
875 272
714 158
824 270
926 903
67 840
528 726
965 815
782 751
199 619
511 341
340 323
583 257
666 511
939 961
836 931
838 209
141 447
733 37
127 874
590 662
171 964
443 187
335 889
874 141
177 107
805 633
295 479
923 738
471 254
145 870
77 355
188 732
211 677
431 860
231 542
987 324
310 171
983 240
254 980
223 559
425 464
371 856
889 667
342 363
953 182
344 514
522 165
924 625
11 424
143 159
384 742
61 546
632 482
264 796
583 605
360 229
33 193
252 435
786 876
661 463
95 775
521 372
871 115
119 157
526 967
673 17
360 884
161 357
843 833
826 625
42 32
887 152
890 428
262 549
85 876
105 704
701 415
164 531
295 536
230 788
161 583
421 29
632 926
227 450
65 483
86 411
217 216
607 47
278 361
300 753
920 575
965 737
531 363
435 318
577 994
277 559
286 357
210 514
743 428
853 348
585 982
641 836
622 539
254 346
58 545
554 618
650 877
795 332
210 804
706 929
908 165
123 849
419 112
684 572
44 419
135 884
193 643
840 450
550 577
921 135
808 999
447 695
288 1000
272 429
59 919
945 956
210 217
620 524
715 864
167 645
637 463
766 141
470 990
162 7
76 577
718 48
150 556
564 734
343 53
570 107
823 847
965 758
483 298
564 589
211 927
512 416
821 346
642 575
536 38
664 27
39 173
281 717
981 548
637 130
431 711
159 724
716 279
60 787
920 820
830 283
78 476
246 578
692 344
833 390
606 349
527 398
843 877
37 78
740 499
372 991
502 922
303 223
933 884
680 557
364 46
610 946
294 769
316 201
834 266
257 259
19 490
477 890
355 386
784 650
933 39
718 775
957 417
55 693
676 287
752 109
663 243
146 617
739 422
248 316
512 458
71 612
753 533
315 222
926 978
766 749
785 274
677 691
10 22
500 65
124 949
875 919
686 24
771 848
520 720
959 366
814 982
157 593
415 651
814 615
228 986
780 881
298 832
111 911
917 56
542 975
431 788
417 238
272 695
868 665
52 462
115 358
522 234
40 314
358 574
593 55
242 95
781 992
357 382
384 402
756 532
647 679
389 179
982 210
485 538
716 394
39 439
132 235
709 931
482 368
372 908
268 923
855 817
91 556
21 777
477 700
886 792
781 420
804 539
772 57
832 452
80 601
399 779
625 179
292 326
122 536
751 932
142 448
784 901
335 60
999 846
935 29
108 539
469 539
272 41
553 72
420 113
5 985
784 916
487 395
681 300
292 164
779 651
248 199
106 173
714 428
435 645
558 21
228 664
444 589
710 816
783 908
879 603
880 523
404 803
689 68
657 652
146 953
418 50
479 719
500 746
543 502
267 827
451 38
915 631
128 67
902 403
171 423
635 666
927 996
569 760
39 385
551 952
205 252
78 378
794 939
273 10
500 73
345 457
989 200
882 160
664 83
829 935
423 154
1000 43
564 436
234 751
722 584
405 748
190 114
835 379
263 642
859 353
773 49
386 269
445 128
337 639
595 89
393 250
503 139
274 104
277 967
48 837
494 550
354 77
192 784
579 924
616 752
175 73
857 98
754 426
792 755
607 699
875 386
342 581
37 57
774 548
443 766
961 893
374 298
416 566
947 785
89 558
406 81
887 616
69 249
352 800
328 445
950 238
300 963
338 266
836 541
943 795
286 634
179 966
733 435
476 156
935 638
546 662
641 650
608 835
954 435
986 322
831 875
589 677
387 915
281 180
500 808
619 338
824 778
841 940
127 587
601 150
45 196
393 675
600 517
160 658
551 357
77 271
488 815
457 548
741 348
941 266
50 685
608 143
493 387
763 236
792 684
760 826
440 480
314 505
560 497
262 873
835 57
397 974
186 58
402 868
440 79
721 66
740 250
99 754
13 702
512 227
531 833
790 990
826 399
60 767
411 847
379 51
967 850
276 531
557 766
209 528
194 484
912 839
369 842
846 740
40 812
450 653
643 582
187 962
667 348
118 254
249 381
800 123
875 465
967 1
773 856
771 647
465 191
273 174
148 846
606 182
230 710
800 345
231 155
857 792
911 639
218 802
93 342
884 583
425 644
779 176
112 368
277 256
336 836
316 362
611 999
407 754
841 481
853 558
234 62
14 912
418 809
292 850
455 774
295 621
626 975
876 528
185 899
537 470
242 628
103 703
598 973
953 390
845 944
537 71
479 758
315 369
565 529
547 58
909 703
42 574
573 754
669 499
870 348
159 433
73 560
592 736
220 673
812 477
498 733
674 26
832 193
938 391
772 625
997 184
200 540
760 564
998 722
255 915
963 774
30 723
19 158
991 188
647 608
856 721
284 74
123 466
376 716
388 839
347 746
556 542
977 631
249 424
412 294
159 725
899 972
661 821
869 946
378 127
730 456
786 422
75 181
493 606
867 209
65 383
252 412
326 6
746 666
465 930
317 833
503 698
531 503
533 355
694 506
395 776
562 66
948 654
610 503
314 680
991 534
638 473
605 176
128 572
291 88
130 871
84 714
783 260
687 478
893 757
827 235
663 321
225 317
11 934
547 248
87 100
90 629
931 25
71 794
827 88
54 548
97 379
617 892
559 513
673 690
953 418
400 622
997 873
139 329
522 954
720 514
142 585
163 942
293 995
864 801
404 332
800 537
836 463
51 657
329 983
720 288
829 898
42 308
392 918
850 671
355 775
640 481
416 65
517 805
920 785
5 209
685 623
172 582
726 357
648 955
207 816
522 860
997 446
636 82
414 686
57 883
848 162
170 434
13 936
342 860
715 210
255 661
274 124
613 767
320 378
874 817
428 909
566 687
597 573
899 808
682 440
921 736
596 422
423 650
576 318
835 730
340 228
490 585
98 974
477 861
369 636
714 888
349 131
615 680
361 589
658 867
607 260
758 527
6 767
867 427
830 573
10 754
818 29
987 702
841 910
737 939
221 122
884 814
956 428
653 173
586 144
490 13
492 192
680 213
111 607
814 896
690 434
101 291
396 297
71 873
591 86
206 240
150 395
998 207
102 912
288 250
721 810
258 667
443 492
764 904
323 82
234 443
203 696
555 431
405 920
780 444
2 734
131 340
475 812
475 678
910 558
677 865
159 542
56 789
400 595
57 60
9 161
765 372
413 415
878 77
960 46
310 521
276 905
134 475
677 579
364 706
19 105
76 78
204 155
941 890
601 985
263 786
657 543
51 312
610 537
226 814
759 120
743 855
725 312
123 410
285 615
911 983
571 942
218 442
627 538
574 55
123 267
571 799
143 750
166 261
56 560
801 634
644 976
807 516
39 926
481 422
120 610
529 400
549 93
71 265
718 892
495 717
278 173
400 173
487 89
770 781
277 491
850 479
303 699
39 910
412 833
783 882
256 589
205 714
249 766
267 491
549 401
988 151
793 283
139 53
915 692
608 930
92 243
186 120
115 146
25 190
483 726
266 176
470 944
78 181
284 524
362 744
517 714
475 923
841 345
233 861
932 931
850 724
295 31
47 652
843 613
471 316
368 579
350 567
425 412
759 649
732 579
307 992
34 888
825 99
204 40
243 562
739 374
835 342
916 765
151 896
833 297
83 822
137 242
263 886
268 604
325 669
661 687
701 466
725 476
174 594
944 932
243 961
377 311
106 671
269 215
753 956
628 824
757 988
403 625
705 49
374 388
729 187
306 92
74 448
195 325
544 224
28 433
898 857
710 189
236 300
844 563
407 815
121 20
874 442
981 390
378 685
879 847
145 260
588 552
477 167
652 205
709 268
948 864
988 341
386 153
25 463
867 624
172 362
926 519
606 815
555 811
274 834
205 750
775 472
405 28
978 430
361 432
306 310
648 998
3 529
22 287
119 793
625 992
573 640
985 788
984 833
493 59
306 853
349 593
759 990
815 984
524 475
950 453
988 776
609 709
938 501
132 588
27 454
37 577
997 86
923 927
907 306
546 238
638 856
587 806
894 678
38 914
935 480
325 400
764 150
746 505
740 62
237 242
111 297
739 624
631 422
868 84
797 112
357 855
782 476
489 993
623 194
455 204
151 567
43 982
320 625
532 261
713 978
695 710
958 22
542 715
136 67
86 219
96 93
803 801
649 139
563 461
806 83
865 757
465 227
605 963
955 51
400 374
457 363
22 925
476 997
209 942
268 309
656 415
495 660
645 497
919 246
212 106
801 659
658 892
308 901
828 76
630 64
558 797
429 151
72 620
879 867
936 245
222 982
562 950
692 722
162 613
988 313
112 492
466 47
549 472
521 907
149 970
11 985
174 375
231 834
586 863
241 710
82 494
84 608
740 284
242 744
519 406
81 174
641 12
284 944
99 990
116 928
780 593
966 812
915 970
124 695
722 320
228 137
270 434
160 337
220 565
349 855
977 150
561 983
690 821
233 678
731 419
454 718
898 806
80 31
833 503
856 912
323 437
769 563
655 757
623 343
860 875
520 374
313 472
578 468
468 828
846 733
762 792
464 555
563 297
247 848
912 543
913 234
880 355
271 448
956 840
241 547
482 195
834 364
504 631
503 635
198 143
779 98
5 549
444 11
763 303
378 771
145 418
150 715
320 926
357 695
503 665
382 858
84 520
577 336
403 957
10 755
880 59
374 750
302 123
654 460
364 464
615 582
391 323
905 515
486 71
274 891
442 233
59 744
785 397
859 242
268 453
561 422
249 594
257 69
354 963
858 595
978 581
625 936
789 47
721 809
888 230
241 40
817 286
216 911
819 888
125 193
91 465
533 42
958 569
447 60
964 234
710 148
591 405
88 131
81 436
815 769
590 147
109 350
971 527
167 2
481 799
99 728
775 323
234 749
826 489
117 996
941 1000
854 459
281 711
17 750
878 61
972 2
358 306
846 543
61 765
1000 459
659 56
734 540
181 644
130 950
293 474
21 811
170 407
668 186
683 863
482 116
763 237
467 408
752 378
536 587
810 342
706 576
973 138
611 158
100 665
28 430
691 22
286 862
213 998
75 973
728 17
624 98
390 571
562 424
410 141
654 424
896 732
291 130
590 554
684 603
131 877
836 942
275 107
322 960
73 478
41 632
906 572
597 531
763 887
713 14
712 583
880 553
111 739
30 702
923 743
564 935
345 879
917 13
291 198
44 415
993 1000
264 594
392 615
674 389
200 260
147 511
737 483
315 565
152 552
185 33
445 623
363 810
238 30
95 755
385 592
670 366
263 595
877 829
787 429
612 446
703 65
860 700
679 216
687 573
579 860
137 241
52 964
532 462
146 1
184 180
41 365
460 353
332 115
65 119
947 849
450 651
325 557
951 873
695 899
304 792
235 816
735 103
416 741
420 213
495 888
847 718
829 111
895 242
290 960
576 178
539 38
888 644
926 874
931 688
218 979
314 658
496 529
410 470
279 336
582 11
766 756
583 486
586 70
240 534
387 723
615 977
317 654
340 721
197 200
77 333
127 779
645 848
483 791
266 883
766 470
611 711
278 650
444 742
701 312
864 57
45 294
488 861
803 390
272 590
937 920
573 752
8 996
6 147
744 430
617 928
214 470
69 832
638 857
362 604
976 208
464 4
91 807
252 612
55 896
77 840
815 686
670 694
66 507
369 10
260 463
865 567
62 119
414 688
218 337
331 82
522 777
62 198
544 321
318 172
47 886
947 828
730 180
14 101
289 442
398 196
290 981
735 165
151 788
759 35
389 911
728 397
411 75
517 289
397 436
705 99
189 50
869 944
736 775
130 640
517 276
991 493
790 460
890 16
230 529
50 491
489 337
1 661
702 674
666 737
729 263
988 813
594 639
563 904
856 190
58 704
519 973
704 114
957 640
33 774
505 705
736 323
130 196
396 235
672 911
638 302
380 554
609 36
353 175
415 138
836 132
304 61
585 412
72 41
660 426
328 947
8 817
604 31
570 411
935 673
152 112
775 184
65 721
172 147
755 251
38 556
648 752
975 529
301 696
531 669
860 471
418 382
807 248
542 127
746 474
584 305
170 158
392 236
410 906
916 711
207 818
733 722
555 349
798 679
721 209
573 150
753 494
118 282
744 981
781 592
393 407
655 75
456 797
909 451
8 58
445 91
84 269
306 174
730 315
313 697
981 433
52 722
236 87
421 419
303 835
731 780
681 119
277 612
403 793
157 974
131 995
667 213
597 796
467 59
412 968
344 942
351 327
128 538
309 16
257 186
899 375
172 249
816 407
525 497
487 362
435 823
25 55
499 104
712 855
56 731
348 131
426 565
577 915
962 643
998 205
671 57
660 334
936 558
556 239
758 717
998 348
157 340
104 495
346 287
437 196
789 927
189 867
318 345
465 251
417 120
811 840
945 514
656 955
155 605
542 91
601 573
584 301
198 669
110 57
186 521
406 974
446 479
873 945
947 598
30 670
68 597
75 307
402 33
935 137
320 442
561 732
88 646
640 749
53 328
934 451
557 808
921 849
80 425
759 235
687 894
563 260
948 330
815 154
456 535
383 164
922 732
596 299
210 538
74 825
491 15
938 578
577 386
981 480
931 663
344 795
145 286
348 803
6 729
888 728
562 897
410 138
799 404
361 696
782 610
21 252
552 111
420 487
701 850
135 780
391 166
799 293
488 565
310 274
719 114
62 903
603 989
417 472
374 634
555 862
167 524
336 520
867 820
689 20
603 586
534 412
349 730
656 362
784 447
834 240
131 372
512 297
988 806
845 235
292 765
885 730
135 353
51 858
859 51
792 120
370 92
836 257
341 941
380 133
241 201
8 694
975 894
389 103
393 124
178 762
160 849
973 730
39 92
424 582
730 46
702 136
522 786
9 957
503 367
568 172
380 474
687 685
800 15
142 242
736 909
379 522
938 885
243 963
597 144
635 453
781 489
680 708
682 382
259 451
616 502
514 599
456 563
321 703
948 588
397 194
914 428
844 557
518 810
154 457
785 153
788 776
383 446
575 828
373 372
583 481
883 571
564 661
667 778
374 582
603 904
840 454
34 389
179 596
733 5
334 496
366 156
282 343
220 495
810 929
64 515
764 748
357 476
125 422
200 67
71 960
150 685
737 300
634 924
176 220
529 728
197 634
660 262
738 846
9 396
357 100
467 177
788 418
403 132
268 390
744 318
483 466
380 58
868 967
280 360
430 506
77 839
578 300
483 176
764 7
506 755
697 74
365 76
211 145
868 37
946 667
381 412
415 876
967 819
734 586
701 387
80 339
243 641
227 4
725 269
530 365
743 349
290 978
386 533
912 565
566 710
611 507
5 702
653 706
925 637
896 790
967 486
18 827
131 232
815 82
50 488
531 395
931 730
973 802
191 869
250 291
322 756
90 62
723 864
373 167
620 168
452 714
624 171
272 80
398 688
448 945
340 647
95 803
520 581
6 560
7 265
471 682
609 59
262 345
689 195
673 710
33 615
625 817
573 561
421 804
963 397
266 231
202 981
315 670
393 760
450 507
876 789
116 494
566 68
750 673
806 727
272 826
972 683
130 776
762 562
985 528
738 396
993 753
356 215
381 612
312 85
940 431
215 765
329 822
271 191
937 439
755 472
60 674
901 20
761 795
905 81
974 344
797 195
29 377
289 468
753 143
113 40
702 64
179 365
765 544
914 48
645 160
152 971
377 380
964 874
948 375
161 515
643 387
188 316
795 204
579 565
657 227
839 255
236 80
48 213
365 628
648 804
757 914
829 37
98 17
652 546
874 734
782 869
18 686
576 844
796 833
301 285
709 672
670 958
328 389
553 76
679 692
761 177
465 540
496 854
946 37
784 904
16 34
81 716
796 615
362 63
951 389
849 711
414 369
486 832
560 909
671 939
12 276
140 801
732 139
223 784
370 452
708 428
33 764
732 58
326 654
257 500
626 658
873 116
30 195
250 989
15 693
890 977
483 413
615 476
379 348
803 302
72 292
806 755
879 27
812 416
869 81
381 407
739 573
702 435
977 240
857 426
15 504
256 473
748 857
60 727
816 641
857 475
146 392
20 401
226 698
319 679
655 57
507 847
273 779
311 887
22 654
648 809
976 342
540 847
557 155
764 301
268 522
861 645
593 723
170 292
62 366
636 855
613 315
213 130
195 907
607 54
592 277
296 210
408 812
389 599
30 859
155 233
306 784
619 893
602 581
566 936
516 149
796 933
823 412
734 233
425 573
49 377
178 351
909 475
954 460
515 245
718 396
349 311
921 174
462 206
728 672
839 692
435 786
112 606
439 810
278 748
10 326
906 108
2 738
286 58
968 45
419 407
383 942
385 283
371 942
409 653
194 909
727 277
512 298
716 522
718 72
167 962
149 339
959 358
199 689
91 172
988 726
924 590
691 877
104 49
584 507
596 950
6 358
209 362
356 239
324 589
532 234
972 977
117 966
782 374
747 903
56 18
517 139
243 676
314 444
716 765
947 802
94 345
556 566
118 323
914 120
455 408
147 667
277 840
973 731
852 988
875 469
450 568
736 893
923 123
134 774
395 514
586 275
490 652
914 282
257 549
352 741
763 489
984 490
32 951
451 566
259 224
10 806
823 480
697 820
80 978
248 148
838 167
841 129
770 159
239 606
97 113
82 231
279 451
690 486
505 660
614 265
634 699
391 26
619 421
638 131
310 110
558 448
543 148
858 614
223 331
962 712
500 703
428 172
802 865
419 435
225 608
300 814
967 750
742 733
642 905
593 189
828 956
479 912
193 666
575 77
177 598
863 574
609 587
683 512
1000 216
105 500
661 381
350 534
835 166
470 415
927 751
419 975
227 182
105 534
222 383
96 831
320 483
270 17
570 539
83 580
312 947
855 526
627 983
8 239
791 415
985 145
680 673
610 830
539 230
481 370
745 989
490 736
538 932
830 954
279 144
67 886
433 320
839 824
472 282
805 248
257 946
929 804
45 819
62 659
641 980
988 389
862 378
224 314
500 223
136 992
448 946
400 821
165 635
847 115
597 600
121 279
591 242
115 817
716 815
797 971
634 735
323 860
395 123
901 957
689 83
858 634
2 682
702 811
719 843
428 144
399 305
280 167
584 107
86 719
325 996
924 86
253 342
366 175
885 657
753 790
272 842
647 269
996 177
252 385
919 653
209 434
345 146
55 791
967 790
791 548
668 337
619 741
378 189
658 411
398 166
934 52
991 45
350 191
633 577
960 671
354 162
173 670
605 699
781 123
274 291
994 498
356 647
781 304
766 886
838 291
415 758
116 843
518 977
260 993
390 816
192 983
268 468
676 425
41 214
350 472
300 581
266 757
526 367
74 464
624 121
686 555
990 152
758 148
782 644
738 320
886 328
814 21
619 79
183 62
666 20
228 645
305 148
253 822
288 934
953 736
834 502
129 486
870 719
143 949
340 115
480 534
202 615
367 419
975 288
979 805
486 311
254 851
680 390
438 394
152 223
650 354
957 870
708 60
910 784
860 151
59 688
461 252
337 950
121 879
674 495
432 974
548 559
203 525
169 653
422 745
974 266
116 566
284 714
858 227
333 428
878 230
751 92
627 418
518 87
556 926
834 792
673 158
949 121
734 993
698 315
630 694
206 594
378 511
431 363
161 339
289 262
241 13
77 671
247 19
104 259
507 846
517 39
296 437
78 827
523 666
791 697
740 263
13 479
910 25
442 741
169 107
44 881
451 285
463 841
209 858
5 154
644 988
170 583
411 339
143 904
991 692
559 16
698 756
735 691
370 805
595 356
603 163
818 61
987 670
282 384
993 33
407 741
488 567
654 153
935 807
31 783
261 692
353 819
779 315
227 838
569 867
89 186
325 317
223 998
888 39
7 481
85 897
46 377
84 564
380 707
328 126
704 457
525 757
358 270
34 176
47 992
150 538
635 716
45 336
393 823
550 562
110 270
239 110
646 986
996 363
172 853
409 573
245 263
803 717
738 906
302 975
194 172
232 7
117 897
603 8
71 688
806 623
372 8
864 604
264 770
582 938
534 841
924 877
686 884
467 746
324 989
787 31
113 102
938 81
186 922
338 907
83 826
639 721
204 778
28 120
235 676
458 141
938 883
904 63
647 793
890 136
714 986
36 674
809 998
222 77
297 154
49 553
841 469
880 61
957 407
192 31
417 958
456 644
918 290
277 410
95 487
614 605
762 160
819 475
138 322
550 665
737 870
258 57
263 183
616 805
841 128
399 792
283 167
511 452
496 611
228 718
358 121
275 919
519 648
701 741
524 98
888 814
794 296
854 872
747 504
659 874
471 152
358 328
756 122
793 240
336 645
281 260
854 987
600 742
485 44
358 298
819 772
536 270
185 864
370 156
994 841
811 189
638 860
876 977
313 117
557 426
708 810
600 947
721 161
388 240
171 128
946 774
543 632
358 886
492 316
472 27
649 429
407 421
401 276
517 238
574 913
298 148
523 597
339 576
302 564
464 938
146 96
844 399
539 475
811 350
812 941
652 730
523 674
908 684
930 787
400 362
718 926
272 764
239 814
258 251
580 810
451 726
10 731
876 316
970 905
383 348
996 905
960 239
335 25
762 311
269 699
733 502
662 946
82 200
1 751
241 873
223 937
666 160
524 544
137 950
979 923
428 115
49 98
140 831
332 535
576 349
598 401
614 133
581 781
339 425
286 224
43 389
417 375
988 970
2 683
495 42
813 241
535 389
508 995
565 624
767 638
479 614
872 706
160 590
512 275
556 36
613 213
342 405
228 4
301 720
233 682
678 610
551 240
114 415
479 149
677 682
990 547
169 963
66 77
229 527
765 589
97 673
170 447
703 235
523 625
279 66
408 931
481 691
728 975
356 533
104 454
122 354
406 202
353 505
316 235
62 451
448 467
783 417
62 594
174 872
545 596
971 507
396 226
606 175
26 3
168 957
322 726
311 326
421 642
727 862
174 74
588 620
934 576
314 841
524 964
743 208
447 535
475 719
366 669
266 575
67 512
763 879
370 627
903 177
816 281
671 917
909 992
422 957
812 237
172 76
689 126
48 66
233 74
196 90
567 117
716 913
295 278
661 508
465 111
854 515
964 71
444 231
203 703
976 893
167 327
137 285
968 785
987 31
346 141
54 330
143 841
564 515
677 619
623 32
962 13
424 990
575 141
187 54
795 541
111 365
960 943
557 515
660 892
155 380
481 530
394 443
551 506
540 841
706 97
209 703
531 118
398 131
130 549
600 450
798 741
366 536
568 182
620 445
857 917
160 355
507 540
255 490
599 607
75 880
369 531
540 158
135 730
501 54
72 714
862 17
350 325
540 269
942 393
876 620
242 461
447 954
724 737
676 172
714 123
917 710
149 812
698 738
340 697
842 263
20 575
3 626
686 108
407 597
763 779
289 554
362 928
423 575
224 961
30 898
816 261
638 244
324 100
110 557
384 177
574 58
578 771
794 324
297 932
906 794
894 429
493 492
292 617
760 977
410 764
160 519
965 398
968 190
676 759
560 24
108 852
676 582
82 615
747 859
402 862
935 72
25 765
321 342
730 954
990 616
602 268
424 585
846 972
243 569
635 779
373 993
882 755
734 621
517 137
590 465
155 344
707 279
85 151
655 31
744 784
28 121
591 125
113 457
605 881
587 458
579 529
787 252
141 817
973 729
832 403
905 329
565 600
239 932
60 313
16 319
60 168
260 954
626 918
504 802
175 329
826 52
3 88
645 553
226 371
279 255
139 392
729 344
508 873
969 457
745 89
679 894
918 13
27 620
653 240
547 373
876 511
235 913
930 915
187 98
650 630
500 923
136 804
585 27
159 8
442 83
442 28
689 53
824 812
382 338
954 179
594 106
172 20
963 291
376 903
875 607
90 957
54 16
77 145
794 715
17 878
159 447
57 413
759 586
67 20
416 298
837 969
772 520
111 308
204 506
846 953
263 691
603 132
731 459
324 931
114 459
96 834
122 974
583 719
199 198
926 849
757 173
504 642
466 691
915 478
450 44
616 311
869 555
928 83
255 332
847 904
792 642
297 100
406 326
423 668
924 391
654 40
783 332
443 719
724 308
544 587
853 392
222 185
773 567
504 226
283 343
69 298
415 306
199 667
573 138
908 241
676 463
4 880
995 601
840 406
326 949
701 663
656 120
975 650
862 666
955 727
816 382
928 920
178 703
537 436
991 835
225 416
747 487
513 163
366 851
600 707
820 700
766 208
345 724
253 483
128 126
366 194
473 98
487 774
556 37
333 412
337 985
963 61
843 595
552 900
717 118
24 221
703 935
771 799
234 35
837 941
199 388
915 175
458 526
501 620
655 177
734 922
592 127
721 285
669 21
12 415
804 812
161 294
215 623
56 460
995 219
348 589
284 164
226 873
91 594
38 127
916 700
800 74
428 907
431 36
895 963
950 768
97 898
723 690
740 764
65 428
654 4
198 128
19 527
826 901
645 335
350 479
795 126
615 593
501 81
943 46
122 422
947 171
966 643
925 958
258 220
188 29
746 995
192 88
266 755
73 368
31 945
914 499
454 312
257 924
278 10
226 315
421 99
767 72
37 497
165 652
135 804
230 482
33 806
801 924
714 471
309 977
158 854
936 869
221 229
975 12
906 517
451 352
736 210
755 686
539 440
400 384
881 249
201 474
440 638
902 360
996 531
558 510
227 436
855 328
586 975
825 653
515 457
239 231
719 809
357 40
488 153
125 845
94 804
954 845
39 582
388 939
480 988
693 763
375 773
858 225
198 774
592 829
366 56
760 515
937 229
820 805
696 178
919 659
756 631
975 791
249 35
470 453
130 768
169 913
939 206
941 884
180 518
198 435
324 778
734 513
541 191
778 595
709 845
66 193
229 691
450 672
784 592
680 605
933 821
91 702
737 836
507 942
36 648
536 592
482 224
46 602
212 457
875 379
558 636
870 690
586 333
861 981
199 722
597 843
122 301
89 732
842 34
329 77
936 35
975 194
558 862
939 936
266 614
931 872
839 915
274 969
884 368
390 719
68 317
862 707
330 496
171 572
888 442
63 762
444 616
49 88
954 301
276 273
495 143
723 488
797 945
101 260
865 157
858 641
694 315
295 420
754 609
376 876
417 318
57 279
183 339
333 66
580 197
546 341
309 29
695 308
737 486
246 860
923 905
85 594
822 993
929 308
932 937
650 102
941 549
393 23
690 871
655 971
12 895
416 336
863 596
440 86
493 235
688 186
835 207
180 408
302 974
111 384
424 586
521 380
189 470
344 353
381 580
338 899
754 752
449 58
180 190
843 982
350 234
998 636
66 805
468 881
804 971
924 261
536 573
583 921
930 781
313 757
335 368
562 660
908 1000
212 493
650 842
134 299
763 490
196 569
770 888
636 439
222 877
244 813
905 699
446 789
913 864
328 448
884 765
405 324
908 93
395 882
288 770
715 685
489 522
511 454
224 128
172 352
196 366
343 649
219 903
877 985
148 393
425 597
682 827
676 717
893 859
254 143
715 907
22 273
779 438
139 291
727 468
646 666
573 666
580 170
432 170
620 667
414 110
987 184
788 319
863 773
205 91
651 65
154 683
708 118
358 78
128 2
275 341
422 676
115 259
962 280
945 590
678 580
94 655
186 602
354 456
461 484
906 371
835 171
88 548
689 570
246 757
911 119
470 269
433 837
75 511
352 856
855 922
798 375
113 145
496 231
4 64
264 237
879 610
263 993
621 57
969 936
832 834
313 672
674 699
783 335
592 464
249 147
805 20
383 120
506 475
634 38
896 891
97 176
406 16
463 33
639 152
390 516
763 724
876 333
865 36
617 587
524 945
969 198
989 155
426 715
79 151
300 160
819 580
544 459
396 659
756 14
989 268
619 641
764 524
504 362
233 108
436 535
898 508
846 478
538 791
650 333
337 62
762 821
854 997
646 693
474 497
607 899
242 885
479 608
831 287
483 613
210 471
821 277
290 479
403 164
854 711
237 831
557 396
650 62
671 2
142 882
128 268
423 661
830 319
483 208
636 506
748 732
787 488
19 82
759 508
910 486
968 691
704 528
184 130
38 237
425 248
212 720
434 374
951 831
200 876
75 104
764 372
964 854
39 610
298 424
248 531
416 691
890 250
387 82
613 346
660 439
610 176
495 694
889 511
140 153
966 21
948 512
201 925
697 768
809 222
335 78
236 408
908 150
418 554
73 91
519 556
358 180
766 305
253 834
366 675
257 189
738 462
447 614
21 189
187 173
776 862
563 566
362 989
148 304
349 753
388 743
387 972
349 808
870 61
817 135
488 779
949 898
875 243
129 133
976 992
180 752
162 71
932 551
498 495
647 476
159 630
440 460
773 502
846 212
285 60
693 175
108 897
129 976
264 873
816 822
467 866
801 70
238 247
755 267
21 595
511 130
392 373
4 760
588 153
526 696
369 213
759 448
209 556
639 830
415 800
758 129
968 687
199 137
181 654
131 505
960 591
799 974
191 485
801 273
255 694
695 949
866 377
723 736
613 540
504 554
286 934
198 338
365 451
540 105
178 397
745 713
235 987
678 219
891 365
421 322
403 971
813 960
854 339
669 572
874 574
272 156
899 457
120 950
139 332
197 222
605 241
927 301
374 793
983 933
686 332
214 605
286 62
732 26
186 498
687 604
261 484
63 808
124 330
34 62
896 141
788 395
590 27
901 660
352 87
742 886
515 267
323 196
18 151
729 628
445 617
981 535
447 175
108 997
878 129
7 661
539 805
856 991
271 197
860 523
419 983
441 883
801 211
251 4
342 189
237 41
161 749
290 971
627 590
873 690
322 344
749 31
237 331
332 206
175 117
412 329
893 862
369 940
832 260
985 166
523 921
196 939
878 543
899 246
345 70
98 469
852 190
473 623
476 346
534 462
652 782
1 429
558 891
178 383
325 508
71 520
700 216
24 617
315 58
872 813
245 309
600 348
999 108
803 193
641 750
235 259
453 344
435 709
20 733
975 455
276 310
22 278
427 706
651 118
968 510
72 51
453 634
680 434
419 294
102 851
881 924
168 885
461 48
651 64
107 888
113 763
39 215
3 837
794 632
251 853
125 884
641 219
976 214
199 418
424 920
612 457
996 104
100 37
394 428
587 573
803 968
476 980
510 944
351 500
679 480
428 643
949 303
255 616
252 898
593 381
377 762
967 191
806 251
973 618
955 995
310 136
688 742
636 804
138 651
89 95
643 426
874 562
631 505
354 13
283 11
496 631
361 831
412 685
877 351
239 954
754 490
882 567
33 370
62 437
505 363
515 885
576 869
135 903
102 465
658 790
382 801
574 419
939 866
763 614
726 622
913 835
859 608
301 470
853 601
453 656
709 235
36 133
917 764
619 500
803 253
970 662
755 724
685 129
905 167
436 819
656 393
977 30
822 314
702 860
224 907
63 717
963 368
323 977
193 453
957 862
194 606
983 194
586 568
946 454
742 175
923 963
506 975
821 276
829 809
342 424
678 534
206 715
190 204
17 618
895 137
648 980
613 948
602 135
621 361
234 771
293 350
541 40
821 491
414 662
972 100
540 864
925 314
804 957
952 136
4 37
887 163
62 375
839 676
365 885
565 324
914 188
971 53
826 784
133 488
136 324
579 568
529 275
600 919
591 117
127 292
312 186
27 510
378 778
71 285
420 235
122 564
516 333
165 825
425 708
10 762
62 691
853 652
712 528
396 451
774 744
261 971
649 757
615 902
230 480
550 567
633 227
581 131
219 974
275 976
96 115
225 337
98 961
634 767
671 918
332 566
979 809
51 934
513 141
171 257
315 52
715 637
128 92
920 40
996 371
228 197
358 576
90 226
38 578
518 184
189 750
63 21
818 165
17 965
717 24
698 167
702 436
355 811
835 213
673 146
420 380
877 850
460 283
397 643
569 82
492 263
184 48
661 546
27 394
299 673
442 971
142 105
536 948
991 252
295 590
562 908
453 297
817 957
583 806
696 58
588 120
863 54
630 455
443 555
139 818
936 192
255 262
75 228
606 255
454 120
868 338
799 636
800 310
714 132
507 654
790 337
3 97
956 73
539 83
101 846
302 47
529 25
833 192
538 281
651 377
219 524
182 432
383 273
455 900
519 531
747 242
505 643
568 927
365 919
520 514
908 409
802 628
382 426
367 338
962 846
499 874
221 161
656 465
805 752
76 704
665 37
813 165
282 908
517 422
710 567
367 451
608 41
203 719
669 486
686 444
765 93
876 858
972 665
129 785
168 809
243 367
669 407
963 102
746 378
893 249
786 725
489 723
141 970
646 657
897 276
989 646
522 171
752 834
63 414
927 737
397 598
321 196
85 291
892 149
910 300
420 536
755 407
425 166
919 435
263 878
109 238
570 512
104 819
43 640
246 393
749 30
593 562
207 534
235 809
622 711
883 965
147 527
919 373
577 70
740 694
179 158
472 404
409 357
164 217
573 99
706 516
304 460
377 138
552 162
572 189
258 53
353 113
705 452
407 660
267 289
163 400
92 282
162 133
573 854
482 710
391 128
766 974
680 149
681 764
386 256
524 30
362 899
987 25
154 919
647 398
327 804
932 666
555 705
646 664
498 338
967 662
401 819
771 685
370 152
941 357
216 846
161 211
454 389
820 962
518 241
907 298
198 829
932 975
536 48
3 981
423 196
318 490
456 703
450 34
589 21
21 537
501 858
526 574
892 74
747 969
551 89
610 759
475 522
497 470
9 114
411 802
982 63
753 229
118 286
904 225
354 296
374 175
946 612
375 386
268 632
83 384
294 940
955 994
406 746
134 709
621 55
952 860
91 760
592 323
990 362
506 177
961 909
930 815
41 108
888 969
339 787
981 320
199 775
136 647
792 210
737 789
331 612
739 355
23 170
279 284
879 875
182 457
239 520
404 563
784 49
219 628
326 936
718 606
439 75
477 308
499 484
599 215
853 969
286 458
522 992
220 90
775 770
723 53
869 311
358 488
345 831
92 28
955 134
222 651
723 418
724 969
547 112
660 433
515 494
811 583
632 104
38 877
410 640
124 284
577 233
510 529
591 264
280 172
983 178
208 103
691 827
17 984
181 101
792 182
357 963
155 630
232 67
450 6
986 116
143 217
867 692
901 397
423 889
225 978
246 676
104 157
622 67
808 795
293 349
269 525
631 307
530 312
344 347
125 746
678 832
899 629
627 664
565 191
227 38
28 13
229 668
915 511
221 540
151 817
598 154
697 699
290 867
23 379
227 53
887 376
565 500
966 669
57 709
297 214
779 854
733 190
250 222
639 344
306 28
434 41
808 230
862 57
539 118
550 330
996 986
42 896
923 324
395 815
88 267
932 30
291 238
457 250
610 400
442 270
426 907
654 583
268 134
970 824
3 435
694 419
496 830
261 748
603 615
931 60
842 449
537 405
689 114
560 790
845 879
388 375
519 498
722 250
387 863
210 294
428 369
395 376
815 296
769 427
938 895
750 327
141 933
401 660
361 5
82 639
691 791
103 791
42 273
741 145
523 290
377 998
289 168
273 739
491 646
590 334
955 735
691 565
471 625
610 703
630 570
904 298
248 996
281 941
210 244
846 662
939 336
621 90
691 723
375 330
347 935
829 353
505 213
251 457
731 579
40 846
818 837
875 380
2 406
554 859
259 125
577 490
597 999
88 504
287 427
560 95
735 809
919 54
463 106
28 469
856 206
407 13
34 49
273 474
404 516
338 256
912 63
555 937
386 138
455 788
653 927
278 887
796 752
945 10
231 813
215 424
628 146
31 490
309 724
367 450
586 680
816 136
689 414
323 936
512 428
150 543
245 76
870 430
600 702
879 468
52 392
826 338
418 334
366 104
168 953
411 571
410 922
242 514
566 177
897 388
721 184
207 989
551 180
912 182
452 141
997 364
750 44
670 191
496 141
964 650
490 837
532 470
442 928
976 706
878 707
900 33
608 538
613 574
193 594
636 881
106 644
420 846
41 119
232 71
783 485
967 392
550 432
644 957
317 819
320 89
679 694
400 33
231 85
4 419
614 598
563 948
567 580
804 394
662 824
166 651
157 800
395 887
417 659
179 556
326 845
700 218
150 255
281 124
210 938
266 1000
841 20
505 527
569 898
969 184
702 934
442 24
903 245
798 469
429 291
374 891
638 20
585 488
968 480
881 769
478 965
138 384
31 351
713 268
716 981
698 184
699 225
149 256
391 839
916 102
148 142
997 93
910 636
567 351
336 55
772 350
603 107
4 670
746 852
847 44
355 866
472 902
904 275
952 127
941 877
682 168
518 306
854 122
916 521
367 745
317 386
523 729
235 546
263 994
64 746
658 448
203 485
791 764
114 568
726 787
985 155
70 855
735 67
57 680
386 782
705 20
64 156
526 490
88 18
618 170
594 740
520 159
353 178
410 43
670 837
433 378
287 355
398 520
40 36
126 296
733 320
109 678
239 523
809 368
153 244
351 761
279 396
762 304
222 281
183 976
19 947
314 801
735 155
116 501
514 804
250 639
721 675
897 870
774 556
496 787
542 536
284 824
712 803
231 885
153 399
650 761
357 175
413 845
585 388
414 62
292 606
332 611
205 491
615 288
637 488
395 351
659 762
72 416
882 465
609 499
548 510
938 478
751 507
981 604
237 406
608 304
440 418
475 52
712 334
159 701
18 451
242 165
575 229
707 437
446 43
752 538
968 551
91 904
203 210
333 587
360 951
658 258
354 205
27 337
14 73
395 765
539 442
870 730
830 239
887 458
322 414
70 800
666 555
630 172
243 896
597 81
340 247
360 740
866 178
593 906
390 863
796 809
636 552
250 223
383 788
508 975
969 683
36 886
93 355
784 880
838 455
897 236
734 244
23 201
761 186
338 285
217 571
335 298
197 86
642 485
992 866
700 19
908 96
253 863
475 461
666 30
996 825
561 332
836 962
470 704
694 24
861 433
202 542
477 392
336 548
633 338
580 463
653 389
309 767
571 4
917 496
957 783
392 741
929 450
414 26
736 52
883 135
903 82
816 124
232 371
971 728
241 507
880 759
860 284
219 396
523 212
707 115
840 354
53 13
758 999
389 11
583 621
88 725
471 643
973 381
319 735
580 601
462 962
122 915
575 110
43 777
299 675
122 770
527 459
716 48
900 191
919 397
541 187
218 384
350 157
99 159
942 577
664 431
458 226
991 412
350 44
334 945
939 625
616 386
155 14
892 567
434 123
397 69
697 841
827 752
30 259
923 5
118 907
247 557
876 99
843 362
754 643
757 224
600 37
49 737
857 698
586 472
93 248
993 458
576 222
796 979
374 707
571 469
943 925
460 812
923 577
763 782
103 225
894 244
509 74
951 23
292 944
867 828
770 971
174 436
693 716
987 291
742 11
305 404
203 705
917 133
925 457
543 479
730 754
859 922
896 128
710 321
703 773
690 912
489 57
17 790
289 105
966 877
128 425
555 274
683 345
302 713
405 563
584 482
656 927
503 216
863 592
708 835
964 469
927 739
397 596
860 518
40 751
312 20
96 699
367 594
891 248
469 66
220 788
901 85
868 152
285 976
344 276
793 932
133 268
229 723
996 741
990 798
4 255
886 863
999 596
654 81
986 609
364 77
209 952
505 97
222 198
460 719
62 623
799 594
678 341
495 747
867 412
425 753
482 994
594 547
611 899
867 493
979 167
466 430
756 37
382 234
275 812
439 97
233 346
215 478
182 269
55 49
645 839
438 27
448 587
875 820
586 801
589 638
857 178
609 384
774 464
252 168
965 331
736 13
384 146
628 11
556 280
314 223
674 335
305 432
524 184
586 515
272 583
57 311
76 629
663 901
210 495
922 531
836 79
860 341
458 821
332 862
43 149
986 495
569 317
769 259
989 744
726 485
927 566
529 339
551 202
326 716
661 390
742 627
800 726
394 427
460 216
959 246
873 625
378 305
584 764
240 306
496 140
4 957
613 895
895 581
363 444
380 502
223 655
240 129
259 265
759 58
896 99
565 365
346 565
191 655
620 371
450 535
400 352
572 398
244 623
852 878
614 787
607 132
884 575
574 471
724 416
373 62
981 319
995 985
649 589
253 969
239 522
277 297
135 831
816 981
361 376
197 2
399 890
439 69
227 823
453 653
628 329
866 578
79 147
634 742
323 837
289 725
197 804
182 152
150 506
98 939
564 864
818 432
470 903
253 13
175 323
741 264
361 180
894 494
720 509
665 396
314 354
885 745
323 240
786 648
219 419
155 987
428 429
314 395
48 664
202 392
647 667
669 127
460 252
65 788
204 750
265 506
682 141
331 105
540 867
545 147
880 270
327 253
41 428
373 847
874 804
636 843
843 99
536 72
778 480
285 698
903 858
312 280
122 419
805 884
735 823
421 315
64 104
490 350
328 397
326 232
239 697
679 684
477 116
443 972
409 204
926 939
602 907
642 482
236 765
932 873
737 928
81 708
157 743
230 487
898 11
851 25
317 717
50 968
803 154
749 842
332 674
405 90
214 730
585 470
343 290
541 821
515 447
664 995
22 60
10 317
371 277
983 882
660 343
755 979
978 142
525 603
231 638
253 855
181 165
59 239
713 798
423 424
276 607
635 662
137 263
194 976
314 489
479 977
200 496
312 138
470 504
685 567
7 975
376 360
711 571
751 857
513 846
454 544
293 750
833 425
280 471
815 617
228 437
66 56
12 950
911 58
238 874
845 258
117 923
673 497
255 557
919 396
955 959
260 31
234 100
263 916
554 39
402 312
460 454
654 122
657 822
621 253
911 841
613 867
251 440
640 947
515 801
458 114
387 434
995 809
136 754
781 222
50 424
108 246
880 103
272 236
699 9
191 933
951 707
718 762
376 437
249 937
857 554
571 468
7 312
690 506
503 917
702 861
328 135
779 304
552 272
656 69
784 138
897 941
148 353
285 606
950 170
935 514
758 695
561 73
557 33
450 392
766 130
995 66
202 946
505 828
58 180
223 530
725 828
135 344
512 465
414 785
354 99
753 412
795 723
33 220
986 42
750 67
91 834
384 610
631 324
155 673
48 575
420 539
811 474
425 171
317 397
155 350
415 768
125 656
787 149
791 613
919 400
151 778
388 456
796 128
319 592
736 902
398 865
920 232
999 907
867 80
118 202
304 786
142 362
830 821
917 800
644 40
887 290
230 611
784 667
307 470
154 672
166 431
139 674
45 694
869 868
396 160
895 228
400 35
684 787
187 301
60 21
596 199
121 33
191 985
224 278
353 118
779 638
597 731
81 524
172 349
768 636
281 243
745 438
227 875
528 92
604 495
227 626
185 911
992 9
992 629
222 658
559 625
817 114
91 373
737 315
263 229
232 239
103 490
729 911
147 436
664 842
996 423
802 232
531 538
419 520
332 863
115 409
8 637
945 752
638 839
967 631
471 356
63 46
530 561
747 829
309 234
129 540
939 111
915 835
768 373
273 268
146 441
920 688
298 12
248 943
688 444
119 116
428 895
15 169
843 792
791 536
276 571
407 275
911 995
990 872
437 616
264 146
327 169
772 74
540 62
151 680
550 662
820 844
45 521
567 644
18 835
39 859
188 119
340 426
527 966
586 398
770 857
351 641
648 25
813 661
904 655
173 374
827 45
179 925
562 102
488 743
848 82
783 820
180 731
150 264
443 254
599 603
927 279
272 390
326 585
332 526
277 123
278 684
267 189
841 784
953 430
182 8
24 406
328 379
449 927
301 918
565 633
983 586
42 518
152 122
816 33
798 209
417 621
720 397
981 602
689 285
600 999
825 198
419 693
385 613
622 215
939 75
578 265
778 327
294 237
616 123
924 172
13 587
872 231
132 111
830 2
209 596
838 633
216 280
911 967
551 348
296 336
518 687
852 941
246 500
670 634
431 34
839 97
531 20
795 199
175 41
473 905
809 39
826 911
904 845
65 343
253 650
993 307
296 29
619 793
680 931
978 89
439 394
926 936
665 155
249 389
391 70
476 959
785 489
235 318
698 570
989 73
93 948
476 60
278 878
732 237
163 58
755 692
992 66
646 581
616 264
465 326
28 944
625 980
258 653
557 39
79 487
140 681
328 985
883 137
224 794
794 666
633 434
98 226
216 922
960 713
682 667
556 112
404 389
812 10
371 842
119 504
488 46
592 676
590 179
95 627
849 11
157 76
638 671
626 895
890 696
488 460
566 347
825 83
113 993
424 596
190 127
742 568
85 267
694 703
273 881
80 432
7 748
946 600
484 751
13 623
142 109
716 50
313 513
857 252
507 823
753 51
273 509
496 36
165 59
501 285
283 70
936 380
776 197
596 462
464 913
891 794
30 832
182 763
143 611
477 949
95 378
939 640
227 690
557 772
999 784
361 900
692 968
21 508
629 307
926 885
874 586
857 696
879 457
74 178
123 673
923 38
840 581
396 483
400 998
183 997
75 548
187 494
874 728
724 191
926 535
84 862
395 221
515 252
775 130
719 68
652 3
563 744
82 727
72 141
988 107
914 770
974 472
447 278
286 144
811 627
371 8
558 284
258 512
336 288
778 219
949 786
417 161
594 419
980 852
86 783
828 150
411 572
397 961
324 551
660 57
590 318
503 67
697 52
720 115
317 283
355 984
872 78
291 769
161 375
824 177
498 218
971 258
147 964
55 855
186 930
631 244
815 717
564 179
450 879
415 771
132 39
596 524
868 361
536 5
268 551
910 82
304 787
55 953
748 854
549 771
951 915
891 350
494 702
903 780
740 690
305 703
804 727
827 542
779 915
579 645
986 70
678 331
224 440
188 195
447 886
575 205
178 489
158 532
144 25
932 194
980 930
581 293
999 26
413 723
468 418
295 659
477 300
831 813
443 100
34 411
344 543
743 326
872 929
101 465
196 507
987 400
509 108
348 174
265 405
991 852
760 22
353 704
281 355
874 98
72 56
471 144
440 894
101 179
324 470
931 326
228 418
533 6
682 704
699 226
753 684
391 832
893 40
821 315
548 453
577 359
647 705
772 977
683 310
31 191
467 963
802 88
162 251
147 149
95 587
332 175
24 200
557 418
996 134
817 573
515 226
393 134
74 965
369 7
62 98
138 594
247 211
964 745
924 111
709 783
284 206
17 461
773 798
98 144
406 345
902 690
13 153
645 11
402 400
97 1000
848 608
631 879
338 530
249 149
307 309
878 572
476 388
331 395
506 472
410 54
528 765
162 919
680 968
645 76
330 193
499 714
170 918
779 524
563 917
340 282
69 164
552 130
680 87
927 59
244 401
331 745
724 128
174 161
432 256
505 718
841 164
948 840
932 117
17 278
609 192
849 384
611 526
266 907
586 240
988 188
127 720
687 842
656 398
286 345
343 280
453 456
896 378
755 840
284 853
459 950
757 282
941 419
470 901
607 888
519 394
923 640
756 116
627 179
403 516
99 970
872 714
104 852
638 785
713 446
346 177
399 169
938 477
831 362
389 387
138 133
376 648
307 518
264 350
794 556
437 407
954 803
665 684
377 974
907 731
391 586
18 318
185 471
78 522
372 346
982 236
986 227
94 508
793 172
905 95
946 693
873 595
251 195
352 890
773 80
977 573
839 467
622 929
606 490
808 573
153 744
43 716
706 388
264 143
214 941
988 892
354 42
820 261
156 788
386 765
380 922
166 357
139 683
887 741
965 683
362 496
164 142
274 570
59 432
350 337
799 532
231 214
608 599
482 936
140 102
476 142
280 673
888 310
14 938
608 693
861 29
560 552
903 280
742 256
557 295
457 487
314 947
81 996
543 198
746 990
324 8
733 244
510 343
393 946
923 644
447 322
584 156
984 918
36 491
438 387
884 247
723 307
231 632
536 334
186 331
868 675
817 411
987 23
346 149
699 923
370 47
43 223
301 667
338 383
894 746
199 464
222 879
787 261
906 162
946 887
268 847
129 603
171 192
670 298
412 46
747 917
859 383
455 136
916 750
683 173
596 890
299 676
707 291
998 870
490 877
108 300
807 836
576 742
167 485
638 701
100 66
545 189
393 440
179 491
165 132
920 967
867 54
80 420
283 89
58 843
493 648
154 294
605 273
477 948
819 89
303 872
807 79
117 78
374 343
819 454
311 162
643 809
634 459
905 785
126 359
491 806
989 59
992 769
554 520
909 858
640 443
75 692
296 679
244 101
463 261
867 593
951 16
477 489
975 414
534 859
881 793
788 691
456 188
884 164
833 990
206 72
147 410
21 445
774 277
78 134
850 935
617 944
507 328
589 266
58 178
855 254
779 254
232 225
893 244
91 917
487 839
881 724
989 641
350 657
538 619
869 123
7 924
121 899
983 487
470 30
53 110
110 113
424 736
521 276
794 768
237 146
458 577
773 246
705 704
651 742
104 217
70 562
694 664
436 184
990 739
320 401
217 15
331 51
540 933
356 582
929 762
401 65
899 990
937 151
867 82
298 475
361 837
730 454
363 243
165 9
203 330
199 142
304 739
840 821
123 659
424 28
978 607
227 721
32 63
183 810
810 592
478 482
526 300
892 820
343 928
568 610
127 985
348 794
594 542
315 195
353 116
946 556
395 875
25 237
895 452
76 940
865 17
742 377
580 620
41 576
651 267
248 124
249 677
292 983
186 190
349 642
667 549
119 748
984 991
324 64
977 362
742 42
708 494
394 18
488 841
555 597
516 981
9 441
651 70
135 297
46 636
656 720
166 918
437 1
518 234
349 572
833 708
418 366
223 385
389 63
397 996
263 236
521 304
960 880
688 303
636 906
378 461
803 974
754 32
955 795
354 434
106 275
428 889
967 804
154 615
284 986
422 155
578 453
407 301
801 354
341 25
198 498
513 598
626 505
706 417
70 837
71 17
623 548
197 792
66 947
621 195
861 628
643 289
39 964
135 645
173 594
486 667
268 298
2 346
644 925
993 277
782 775
861 790
899 105
409 245
581 375
174 55
675 718
602 946
126 300
399 982
554 561
115 541
776 587
497 999
283 589
478 371
969 126
55 225
662 75
577 609
10 546
531 568
362 81
128 953
127 723
681 707
277 8
120 955
440 618
572 787
901 931
297 859
177 317
115 89
958 703
686 398
444 781
998 172
674 366
328 782
772 807
314 353
208 292
246 876
580 4
52 477
234 472
966 855
82 660
526 765
817 463
