1000 9882
879 121
275 487
830 343
501 707
726 260
136 607
930 281
294 144
483 217
1 620
589 163
910 513
907 952
911 360
933 904
492 168
190 931
344 463
75 97
402 211
166 184
539 446
556 601
705 938
10 691
412 280
105 794
161 536
365 472
207 469
762 924
14 367
39 1000
5 552
762 15
50 387
773 531
649 541
120 707
463 157
415 286
777 151
532 974
735 833
689 937
672 729
140 103
876 281
407 686
588 613
991 632
614 493
889 226
653 223
413 666
984 714
129 497
663 266
867 695
286 299
253 204
608 805
93 803
901 886
25 3
889 828
107 651
978 304
326 683
845 921
537 408
756 20
3 596
99 779
558 262
450 419
510 909
654 789
589 404
717 351
846 61
408 83
135 480
595 511
16 616
850 851
928 521
209 303
129 952
405 539
411 594
393 995
454 660
688 280
691 907
655 876
214 244
587 618
735 434
427 349
156 181
801 200
431 381
436 165
845 319
833 351
942 875
583 655
623 382
950 986
863 431
386 545
321 122
86 284
312 713
366 523
125 953
373 800
999 556
765 842
71 217
218 575
274 381
682 398
387 38
944 857
355 378
249 76
783 175
49 516
452 599
736 586
623 818
771 477
525 214
504 894
620 84
527 568
453 75
496 738
831 954
226 471
413 717
16 121
969 421
328 315
370 682
885 249
706 988
249 799
808 952
527 734
879 543
861 96
609 15
535 565
461 850
743 667
604 262
931 78
296 338
521 974
634 541
928 984
43 644
504 314
732 98
551 670
128 784
864 42
257 444
885 396
402 928
909 652
272 607
772 872
186 509
228 784
976 834
673 997
216 888
124 321
458 797
657 847
324 658
306 668
458 876
224 518
522 85
171 1
725 938
854 262
945 602
109 309
91 214
169 608
481 822
240 63
450 544
172 621
411 687
923 835
716 370
699 644
818 641
242 233
631 321
298 23
942 788
285 827
969 858
972 91
837 265
259 640
903 88
330 986
820 343
503 355
644 245
147 823
192 732
528 870
454 61
885 562
477 757
539 358
541 268
65 499
766 805
53 594
936 346
259 463
903 782
761 427
688 991
287 485
877 261
736 743
588 888
292 397
554 824
938 667
231 608
585 966
414 128
718 682
539 53
813 686
567 579
325 84
509 407
865 167
258 15
779 627
762 281
743 404
913 745
936 150
495 479
515 218
220 76
77 469
922 248
580 508
969 163
383 529
310 273
304 14
802 773
659 884
362 796
606 571
292 551
536 496
8 770
727 349
453 756
132 265
3 829
172 156
546 252
231 186
863 914
777 931
258 267
72 359
605 489
254 627
829 911
119 339
11 452
267 606
398 260
368 669
129 529
761 922
632 526
856 898
360 817
33 253
517 835
76 53
473 259
375 491
89 134
578 450
209 621
476 280
284 89
221 562
591 571
482 94
691 270
17 451
182 903
589 112
610 834
147 704
818 695
140 399
108 27
145 39
735 78
592 456
593 929
335 348
515 890
710 1
810 418
83 284
819 400
892 746
514 446
988 489
880 162
787 622
350 266
173 371
174 76
909 191
503 824
398 700
573 242
465 701
174 167
254 497
145 611
663 481
701 686
372 100
598 657
471 676
767 189
665 197
222 738
996 657
484 461
157 545
672 779
930 353
440 619
296 527
23 612
804 726
175 793
703 73
420 727
668 962
765 174
62 809
440 329
849 147
280 178
707 781
820 564
858 355
54 356
519 170
225 778
724 239
180 314
152 283
172 934
854 334
697 1
271 18
897 455
575 224
189 421
778 322
526 540
998 745
180 247
703 140
464 763
906 494
191 376
449 68
514 943
472 790
421 227
21 793
9 993
501 466
236 166
522 673
733 66
51 203
469 344
354 318
83 730
917 395
943 64
47 127
620 339
625 163
45 618
525 280
85 190
457 386
866 62
260 635
385 77
92 698
560 716
390 585
546 787
433 234
809 343
991 635
685 316
799 308
305 48
412 844
142 16
240 587
993 131
685 333
745 482
167 424
410 349
429 399
343 329
624 417
608 806
42 820
275 583
144 602
876 591
271 525
738 552
996 516
599 745
753 986
547 18
148 175
633 439
524 258
669 769
469 438
453 716
536 336
992 274
8 937
599 975
980 819
603 392
986 304
756 346
573 956
355 707
87 136
860 392
219 304
916 394
955 612
459 886
208 47
134 315
263 605
695 638
203 729
955 725
778 358
194 97
414 99
365 8
963 284
762 620
319 683
717 964
78 774
30 933
434 274
131 270
290 110
636 875
30 820
640 536
257 737
830 799
175 206
571 669
476 479
706 648
744 619
448 184
450 271
550 281
473 539
990 208
314 529
666 298
294 603
244 978
727 903
799 522
686 496
505 426
37 267
684 954
541 875
162 588
749 520
960 389
130 238
69 11
269 761
897 816
680 160
558 65
10 507
643 181
35 4
304 99
875 732
971 925
186 11
570 202
704 452
23 684
177 324
751 310
219 193
81 76
668 778
464 232
640 235
34 54
32 35
658 385
128 63
108 216
423 72
134 5
449 757
893 242
751 20
169 726
920 954
206 667
307 576
308 175
746 525
294 334
151 691
189 636
134 295
735 582
308 94
717 134
419 991
208 922
616 39
191 291
252 307
604 536
769 629
899 546
901 368
612 925
942 900
281 915
726 47
221 557
593 666
846 756
479 501
706 91
834 132
657 901
640 629
736 922
255 338
723 644
53 116
578 129
924 437
560 761
969 516
607 30
113 462
429 898
984 71
108 562
306 79
839 187
606 194
304 486
222 203
856 1
361 613
821 717
18 746
735 779
849 968
131 921
600 6
384 676
585 854
641 536
969 503
608 529
93 215
671 672
582 5
129 281
19 925
597 584
177 53
605 262
940 854
832 887
84 748
395 75
55 445
645 979
950 138
309 306
93 667
632 83
922 411
907 69
216 934
267 226
892 143
368 801
93 524
560 175
63 884
564 687
17 868
396 853
609 726
124 587
66 16
760 870
509 195
302 903
971 628
937 676
15 407
275 58
593 75
131 763
47 550
548 821
312 53
385 831
557 577
962 51
502 888
752 579
60 630
666 831
648 798
263 843
892 295
434 331
123 59
833 183
706 447
653 612
229 754
360 639
126 662
570 670
644 121
578 229
174 744
692 877
89 464
634 188
302 140
72 701
325 789
614 741
481 511
465 914
905 589
232 931
856 29
550 289
753 683
904 691
944 576
353 918
97 341
286 418
947 484
128 524
510 92
40 328
921 193
250 784
814 116
876 469
568 862
845 610
797 991
49 159
233 202
346 491
419 381
665 117
941 416
656 272
695 194
42 968
168 714
978 167
337 53
160 746
470 779
508 186
515 628
111 15
2 593
920 212
279 959
543 402
357 395
506 983
841 630
290 468
94 822
367 230
869 32
66 271
307 523
859 118
787 277
39 64
243 982
540 555
298 970
9 181
597 171
414 8
215 771
56 248
916 363
174 724
705 541
7 631
800 759
217 939
554 298
807 972
544 268
748 612
860 890
221 996
905 173
264 35
490 903
164 580
240 162
826 681
97 559
208 640
744 850
84 275
395 664
605 655
182 864
551 297
772 42
5 645
139 671
47 126
838 287
514 609
930 842
424 71
154 256
409 437
856 74
144 838
828 240
683 671
886 442
634 67
785 195
399 903
538 269
226 305
300 968
653 76
69 133
716 692
257 795
226 416
582 77
953 643
203 635
906 523
384 959
376 124
803 129
434 612
418 865
36 304
21 196
684 644
645 922
449 861
908 380
358 399
987 477
200 57
951 190
828 271
300 12
965 270
954 113
684 426
923 822
873 103
489 366
586 580
110 382
280 143
135 371
251 676
272 787
238 418
789 786
327 730
926 149
910 574
588 428
509 597
251 605
464 442
659 363
299 264
138 902
712 511
694 691
441 719
9 947
427 492
543 970
221 968
868 369
248 858
389 952
873 733
982 489
549 666
861 664
952 172
695 908
826 845
757 551
448 411
303 23
625 253
274 379
826 828
740 666
620 432
610 250
956 978
350 417
558 906
389 747
984 27
966 223
52 555
914 442
23 122
596 168
231 247
197 419
126 283
328 430
40 482
295 794
795 343
951 335
415 387
774 716
309 908
378 635
171 566
797 790
923 583
879 654
883 940
945 924
619 325
236 787
989 331
681 938
349 556
86 545
859 867
716 936
976 965
738 700
689 480
127 795
665 335
977 45
194 817
176 268
332 135
921 208
355 766
636 341
907 663
80 144
531 739
769 682
721 177
371 584
778 392
782 464
588 295
644 465
282 702
302 693
126 921
752 600
308 462
200 719
661 590
100 189
912 680
131 418
682 78
829 301
631 97
389 924
988 136
809 833
847 953
740 303
317 106
380 614
855 750
454 205
84 386
679 444
974 847
209 946
981 180
710 274
468 89
567 703
68 145
883 890
175 671
170 559
193 454
269 937
382 818
420 43
539 55
13 420
254 328
515 626
615 881
905 818
908 87
106 835
955 139
594 940
41 564
407 541
943 959
16 246
144 315
594 831
831 702
429 470
115 209
426 620
54 914
181 454
805 668
685 950
244 282
102 840
983 817
471 29
845 816
410 807
858 397
470 863
589 22
294 393
467 967
449 720
855 104
731 38
544 2
676 621
860 450
860 188
725 588
729 896
739 608
81 382
892 66
612 65
958 173
246 707
570 957
575 428
853 202
925 301
618 961
38 284
821 876
435 33
91 579
130 625
166 147
403 625
354 147
435 246
339 573
599 427
914 81
304 819
82 314
112 947
549 803
130 659
739 397
648 453
463 789
653 837
468 125
573 46
153 931
661 895
477 106
867 446
61 363
784 922
663 114
379 443
813 289
874 273
113 430
604 176
457 855
511 492
573 353
482 738
799 227
231 797
34 443
366 636
723 61
889 805
893 885
550 994
33 738
234 293
200 109
23 727
466 976
31 312
569 641
436 648
224 609
944 235
971 585
124 395
252 176
919 930
846 198
663 788
447 153
289 43
164 897
570 140
328 751
897 555
831 231
725 608
719 555
410 989
285 223
214 239
180 427
937 528
419 777
591 679
371 512
270 220
385 794
830 436
338 942
355 20
201 905
199 159
402 191
171 365
795 956
120 786
625 71
790 753
957 128
960 748
668 213
961 69
598 146
156 993
790 608
386 890
574 155
624 552
583 91
961 102
289 796
905 543
49 621
286 850
567 743
701 125
409 293
235 166
75 942
573 163
136 570
841 251
418 668
329 47
850 379
922 28
379 945
639 55
783 801
934 719
421 1000
81 591
193 857
585 79
932 484
720 802
106 188
150 297
427 756
889 961
104 519
101 561
448 649
548 212
695 7
651 165
508 771
589 401
511 541
2 643
703 665
426 439
281 456
390 26
284 569
926 504
530 961
894 268
253 412
551 981
54 215
661 117
472 395
405 951
873 247
986 318
242 30
538 531
907 362
11 433
51 764
12 846
169 521
21 744
996 90
677 737
180 399
403 424
406 985
247 113
531 932
933 984
221 854
937 413
241 56
792 440
298 193
136 188
428 840
161 735
521 827
155 505
1000 330
108 447
187 968
942 584
355 238
344 93
240 94
701 191
10 978
616 393
840 797
412 750
807 567
320 117
657 74
714 141
145 382
864 73
922 862
637 771
70 176
474 857
109 726
75 586
83 71
945 288
405 422
561 272
945 177
948 166
529 818
496 8
352 19
559 746
616 980
598 836
837 500
487 703
624 463
673 664
68 198
489 47
487 524
381 9
612 923
461 945
45 306
769 30
937 940
975 696
814 766
176 190
513 17
162 97
509 578
77 114
135 342
530 692
150 881
530 711
198 857
552 839
906 322
375 147
620 267
215 714
952 508
42 396
189 491
891 241
341 144
605 931
497 249
862 436
223 220
522 773
925 328
159 912
588 6
332 324
982 266
839 407
695 915
330 869
758 365
236 89
563 369
24 669
329 427
170 669
979 481
118 127
725 205
28 275
321 799
395 560
666 669
471 455
959 748
377 32
426 52
412 609
362 308
307 266
808 166
990 178
421 765
867 389
904 665
10 808
743 302
343 861
785 138
988 439
635 357
753 542
611 904
62 880
693 998
303 622
344 629
823 359
145 644
864 380
594 941
762 407
528 451
837 380
309 542
275 930
2 950
223 952
863 502
449 959
414 443
876 514
35 34
148 259
124 425
680 481
962 683
673 676
67 341
177 277
492 990
737 317
132 799
423 264
171 307
353 564
728 259
603 724
34 233
508 144
241 555
225 626
318 689
949 881
107 882
717 501
595 937
997 69
411 622
507 473
133 917
393 56
397 955
327 355
830 270
32 327
512 209
440 236
983 473
791 534
543 909
14 117
640 676
678 940
886 449
961 120
523 313
302 432
375 266
912 548
584 961
806 64
19 398
84 955
763 165
675 775
892 519
662 515
256 987
294 647
499 947
596 259
16 279
18 701
19 620
533 155
155 591
156 723
237 205
362 296
549 4
706 609
624 218
349 425
532 933
443 22
837 170
196 294
111 597
866 746
150 147
562 243
853 976
40 390
713 101
842 323
71 887
609 52
225 323
210 25
250 758
675 329
210 168
414 38
715 817
292 582
422 541
168 716
298 519
335 544
871 946
711 921
42 902
15 678
78 194
100 286
708 731
464 289
307 668
7 851
233 772
986 458
755 139
820 134
225 888
485 422
640 499
538 60
185 474
688 463
657 656
606 793
455 163
185 331
994 563
332 430
65 200
330 731
520 359
601 892
563 739
808 546
455 449
493 782
429 550
409 939
431 40
678 91
399 917
892 555
623 693
852 137
544 202
191 825
89 675
696 501
257 639
535 388
295 468
757 788
574 506
97 309
421 693
978 690
37 659
84 977
379 963
931 888
788 983
404 984
326 909
844 842
810 822
651 454
652 21
747 145
457 963
186 131
404 830
480 428
797 929
106 442
949 614
970 515
858 621
934 67
79 493
390 392
894 103
352 907
59 849
650 276
427 917
10 183
410 749
231 631
750 733
423 417
685 782
172 871
241 332
424 828
977 80
940 348
815 784
354 924
600 969
103 782
217 747
569 382
734 832
385 603
116 683
548 760
570 784
330 541
347 489
539 707
773 885
171 199
946 707
764 94
885 587
938 111
781 531
564 165
605 975
255 554
522 753
778 583
856 667
110 321
400 385
645 245
957 163
796 103
228 879
784 551
398 831
330 977
370 146
501 136
619 989
36 771
652 501
230 713
981 271
378 820
415 361
259 245
258 991
136 584
963 921
130 122
956 50
912 40
452 881
969 425
435 581
848 558
528 472
323 740
140 918
312 359
157 629
234 88
658 742
805 533
884 50
831 533
124 639
896 378
460 761
628 63
258 619
391 965
906 926
967 763
16 584
401 734
163 907
918 553
333 455
778 84
172 843
798 19
391 747
51 682
413 47
200 388
988 677
38 612
21 666
890 887
941 537
247 310
749 850
741 188
744 208
636 301
621 662
488 302
117 292
694 738
795 601
65 804
122 959
29 129
468 679
514 995
604 539
808 732
751 868
347 610
668 376
118 291
877 78
659 103
365 378
669 834
670 549
801 458
929 765
490 989
880 333
476 664
791 723
233 692
959 521
518 48
938 756
631 897
689 698
763 265
605 614
731 983
511 7
41 143
458 531
688 930
156 712
472 269
827 901
351 639
925 828
231 21
107 11
326 811
705 466
413 382
83 98
637 919
70 300
352 385
816 496
125 340
656 244
400 855
883 440
115 802
225 294
257 868
415 129
534 473
377 580
461 963
509 282
393 611
780 889
619 291
71 944
664 802
367 489
538 775
814 680
274 791
73 596
439 115
475 88
210 487
904 280
949 880
856 872
780 558
129 741
940 292
671 404
270 343
398 264
626 129
601 581
583 557
603 147
911 202
713 887
735 502
203 801
185 302
460 208
631 255
548 903
277 923
702 84
8 416
83 996
264 10
925 299
798 715
89 59
696 13
43 491
202 521
458 320
591 912
904 122
296 626
664 50
356 615
85 47
801 470
56 283
293 18
494 749
705 114
227 274
383 159
420 875
645 350
321 762
567 669
880 87
933 467
573 44
757 831
44 702
727 987
325 163
932 157
951 659
644 809
187 334
558 819
546 779
250 418
70 249
224 201
376 500
31 230
58 320
993 123
222 599
808 552
414 261
206 4
514 79
788 530
124 632
516 513
757 371
617 704
37 700
327 877
953 582
159 352
751 506
953 439
974 31
722 12
119 728
713 471
293 783
129 806
77 168
225 669
580 1
52 474
90 789
730 88
299 3
290 322
275 490
360 130
414 995
592 989
204 19
646 190
535 700
356 342
543 578
431 356
588 361
327 471
455 162
935 148
61 743
83 787
464 767
1000 449
873 597
503 182
148 997
592 251
852 581
322 356
415 961
880 262
807 815
829 339
36 712
688 701
808 434
334 930
227 270
238 658
187 652
460 696
853 447
512 266
532 754
52 594
364 284
706 723
410 20
528 735
897 526
606 40
383 401
130 407
16 585
740 854
50 158
35 270
328 260
53 985
689 829
693 989
305 52
892 1000
487 260
367 170
442 135
872 848
135 168
290 453
680 343
628 437
867 680
499 123
215 271
181 395
426 562
292 532
690 643
256 109
955 301
775 126
744 280
119 576
926 510
584 17
641 126
401 753
399 282
371 851
501 896
906 74
638 823
215 962
732 296
664 56
408 110
542 57
176 498
177 911
786 631
971 561
823 560
536 114
920 977
552 245
298 941
387 313
310 540
7 596
564 311
937 387
555 92
367 838
939 317
338 912
834 13
263 895
912 847
235 536
920 542
133 287
635 91
212 760
229 678
623 490
915 293
700 533
293 89
222 433
204 868
23 288
669 750
874 768
467 426
325 968
970 319
933 814
27 82
840 799
958 699
130 345
350 420
188 71
696 402
828 151
535 24
442 441
408 585
619 139
603 782
875 37
681 380
780 112
365 744
215 708
365 908
756 627
334 485
713 60
876 536
951 110
168 615
390 474
582 334
366 933
884 162
962 756
889 588
484 272
675 201
470 967
419 391
276 4
508 253
698 29
312 336
864 781
906 632
385 388
11 334
966 858
110 136
276 858
370 77
280 285
15 447
792 248
705 553
778 439
122 589
363 685
894 923
74 936
311 901
938 177
596 821
227 138
119 104
514 992
306 438
787 44
717 787
902 943
281 919
69 740
768 399
471 924
882 805
96 914
61 896
489 171
692 230
331 127
408 542
262 526
421 8
388 327
134 871
818 652
838 715
17 107
537 844
420 880
187 583
299 821
145 463
899 226
810 459
829 125
481 471
915 464
628 553
790 264
991 665
978 744
616 645
763 598
526 310
268 98
644 709
187 402
901 237
130 206
903 457
816 497
796 703
693 789
361 276
239 479
617 747
185 919
42 776
447 307
358 330
127 539
936 584
368 968
24 386
478 947
279 806
531 751
358 293
975 316
971 778
536 285
534 312
703 411
902 444
6 129
209 11
245 893
618 505
363 986
489 299
574 580
811 882
115 353
65 628
545 322
423 276
357 484
453 583
203 962
185 83
243 978
228 23
835 9
972 339
389 482
824 374
329 952
566 890
770 590
356 179
52 148
268 924
783 15
807 949
761 767
652 890
709 871
288 145
271 328
661 720
574 19
584 236
566 727
381 915
455 364
437 993
118 46
528 982
771 378
670 800
676 421
805 7
862 72
636 653
752 753
827 928
849 808
39 800
558 816
616 737
589 934
933 308
862 362
476 161
832 905
634 269
606 198
799 351
12 3
408 674
947 488
733 455
58 321
974 979
791 299
371 314
408 304
337 510
610 157
747 183
785 406
325 341
418 857
625 855
112 622
488 371
676 968
127 686
664 912
615 197
928 773
874 65
214 550
811 944
793 221
298 517
582 545
915 622
953 295
111 11
93 620
242 870
388 534
975 626
101 801
561 794
251 668
792 232
677 1000
509 732
111 120
253 289
954 159
375 823
751 72
829 942
117 876
44 644
483 334
33 35
769 663
418 511
99 318
40 175
657 662
565 5
125 526
75 313
312 981
829 624
612 96
686 959
947 765
252 375
53 322
666 799
247 140
730 358
696 42
19 319
95 104
425 116
317 62
943 478
529 382
291 607
146 198
26 400
799 767
175 49
787 947
956 970
574 361
815 655
679 876
586 347
490 308
142 980
593 785
23 82
373 25
232 899
947 294
109 751
704 49
600 194
709 288
802 642
330 383
295 707
650 990
905 847
598 716
348 79
794 81
164 707
488 602
111 728
37 709
376 239
570 363
609 455
974 201
854 931
637 273
656 655
152 724
546 178
158 148
949 183
788 107
661 227
459 407
505 975
47 644
907 367
512 986
365 255
459 356
186 692
601 531
393 118
985 748
159 180
824 302
274 179
892 133
584 686
432 683
363 593
354 372
890 418
981 969
798 753
750 142
806 172
89 776
740 416
8 121
924 63
35 768
626 315
79 587
481 744
63 525
134 888
269 505
855 710
87 696
93 443
40 825
939 619
620 428
677 179
287 412
342 729
740 454
2 284
644 851
95 499
278 177
836 763
874 434
377 250
692 583
886 978
453 53
274 936
173 182
367 379
163 480
537 691
919 446
261 787
686 12
154 229
893 728
272 280
975 502
234 70
126 72
71 825
884 60
873 293
46 649
741 742
353 557
82 421
569 589
230 972
668 775
869 130
962 612
94 867
440 262
243 379
6 53
445 523
432 922
87 58
897 352
856 829
428 622
232 119
858 215
786 600
894 521
1 88
9 241
47 521
48 601
524 375
401 399
330 575
772 682
55 830
497 38
99 374
691 538
784 626
74 568
575 436
264 16
446 376
433 655
969 570
566 601
489 795
554 113
331 40
597 317
326 365
57 552
316 819
359 751
216 71
967 492
37 103
592 482
779 826
579 764
388 562
417 989
624 979
131 15
44 724
316 17
230 747
620 39
697 986
630 72
10 727
317 953
818 126
670 999
469 750
643 121
41 943
986 228
279 381
905 822
38 363
197 20
788 905
699 318
495 979
888 373
424 43
10 521
672 630
841 1
400 841
741 466
537 312
97 497
116 11
542 555
245 681
822 299
624 494
552 347
182 138
664 949
96 387
205 363
442 47
825 614
399 447
384 108
940 113
23 5
673 554
983 205
417 651
180 326
884 310
615 390
881 727
674 436
20 38
829 792
385 487
869 55
941 746
835 123
877 748
761 65
205 175
208 121
825 34
309 241
148 735
632 532
100 42
160 143
844 217
609 804
817 531
854 6
490 797
716 483
790 894
927 594
463 578
363 805
530 347
660 682
169 241
406 742
389 615
317 25
212 305
746 468
549 862
442 826
411 205
880 506
352 547
114 958
297 230
753 567
579 728
502 313
363 101
874 635
361 580
303 809
785 218
895 131
932 159
611 856
221 194
917 670
347 390
559 329
961 554
305 14
733 454
773 174
76 975
476 81
520 631
477 225
372 98
177 84
966 340
755 675
663 364
159 221
487 704
56 722
453 678
403 447
704 402
689 66
393 669
267 180
54 92
99 869
44 34
797 764
394 49
158 46
361 162
147 475
920 217
246 871
837 636
217 611
200 335
152 498
25 612
924 528
816 937
963 42
90 130
223 482
995 413
123 9
775 472
63 474
251 106
177 835
109 392
806 310
735 468
721 270
170 28
134 627
530 300
364 858
498 528
887 46
688 544
764 283
749 73
507 802
18 107
146 180
511 874
759 16
834 201
485 871
188 462
407 299
627 620
939 671
390 801
317 799
257 636
719 420
699 500
406 95
799 540
900 147
967 279
37 273
420 111
421 690
633 908
102 377
106 884
288 745
699 265
741 926
83 28
895 389
347 931
629 233
769 131
615 10
749 566
893 676
965 215
914 791
789 345
612 796
928 947
919 173
983 919
16 833
511 679
44 119
957 148
655 689
358 275
896 256
915 310
37 806
392 639
961 81
346 234
185 168
444 547
85 591
640 180
971 5
792 111
208 150
191 87
930 197
414 946
493 171
976 139
260 348
228 40
267 668
289 164
626 199
60 737
9 37
742 561
428 681
855 882
972 46
174 748
613 812
281 953
485 697
587 321
787 131
695 794
577 799
373 696
340 838
302 636
411 655
944 6
501 228
429 519
272 686
752 366
473 835
575 710
268 282
730 413
514 606
587 60
1 689
249 85
156 743
245 1
374 687
411 467
576 41
6 716
118 672
198 133
999 233
469 698
224 243
809 121
103 133
517 328
789 268
202 726
480 476
853 917
89 888
371 98
816 309
45 157
281 606
551 663
110 573
357 236
431 885
271 668
368 827
422 600
573 760
471 430
561 208
990 230
46 616
360 431
696 585
555 510
537 159
370 248
635 588
910 620
802 77
665 707
354 580
281 714
307 582
206 524
655 841
893 494
610 740
721 197
995 290
777 251
778 33
691 541
194 95
520 87
878 493
56 36
706 34
246 363
108 770
839 258
611 355
640 587
778 969
250 56
982 377
553 335
147 538
169 438
795 134
209 949
451 860
236 394
792 852
790 270
727 226
120 770
799 468
715 717
775 771
761 127
796 522
11 706
818 206
613 950
914 701
699 305
663 474
650 919
724 228
779 658
323 709
2 946
719 35
633 166
923 550
339 303
418 930
936 955
702 850
629 850
558 470
782 555
814 50
784 383
128 243
359 557
720 637
337 195
673 553
565 619
470 993
306 894
55 345
9 417
927 773
953 378
38 564
668 667
150 678
562 207
858 313
363 877
513 994
733 583
644 387
349 862
578 648
869 391
392 277
800 626
593 77
332 55
854 404
307 979
40 694
368 739
954 630
613 787
434 486
229 538
857 353
198 603
252 353
308 431
401 251
554 451
847 890
593 367
612 221
575 427
753 140
556 516
995 60
501 299
908 605
123 361
327 163
165 68
222 399
313 689
193 155
431 129
514 663
143 573
2 419
705 224
965 702
970 196
749 787
334 615
409 332
321 616
196 524
253 621
434 905
914 511
827 930
713 244
838 102
641 570
805 871
849 401
280 590
633 96
173 253
488 721
965 97
88 427
236 967
515 174
275 853
883 488
295 686
228 659
528 35
750 888
989 236
480 388
101 508
453 447
699 59
918 795
410 610
15 573
570 452
258 558
689 466
817 229
765 167
396 992
309 385
367 127
849 148
693 136
572 111
135 261
48 437
216 823
16 659
97 623
773 387
258 880
66 265
980 917
195 439
159 528
381 384
882 167
350 593
462 579
602 230
820 849
877 864
548 704
878 75
663 563
578 287
501 636
263 647
476 910
833 331
329 692
921 984
95 965
665 838
942 966
653 561
40 944
761 522
501 271
17 416
991 428
44 895
338 604
9 708
505 181
801 608
855 685
490 675
821 621
900 380
82 290
527 959
586 345
288 524
348 692
905 659
784 876
567 531
733 263
532 982
458 3
810 528
340 327
162 547
658 988
170 770
400 771
898 30
349 288
906 565
487 162
505 610
514 46
733 90
284 611
769 390
723 476
137 961
853 865
654 882
197 781
825 556
591 221
258 643
590 95
985 822
950 116
608 27
347 33
349 627
672 317
138 76
730 738
784 470
896 176
699 805
862 787
57 494
439 614
225 702
120 468
118 986
270 496
695 337
698 503
232 917
918 752
100 397
82 624
377 768
673 819
180 485
825 1000
117 846
336 235
693 33
751 991
746 636
369 117
939 161
541 109
636 45
947 682
19 127
699 737
745 758
472 249
56 504
165 314
378 239
916 981
204 871
115 589
942 589
763 240
654 65
655 296
179 99
911 850
918 396
109 798
166 303
451 867
929 567
348 745
644 974
517 344
27 964
140 221
344 832
990 219
187 282
44 641
995 675
301 366
535 505
783 682
453 51
917 612
277 261
961 608
83 104
861 199
235 142
644 627
922 125
962 958
409 38
762 380
391 146
84 864
214 787
838 882
533 933
715 526
79 175
814 950
173 86
746 936
76 871
2 862
756 193
594 228
956 387
654 846
272 568
736 125
573 646
150 441
319 338
569 66
557 146
462 366
596 832
438 279
354 722
579 503
857 607
690 900
160 903
882 156
24 246
385 799
360 78
693 148
161 35
289 214
592 777
654 526
752 719
623 196
971 431
687 603
303 354
360 876
198 636
432 388
346 771
995 178
869 725
941 840
503 379
986 851
666 853
333 920
887 17
320 281
504 742
963 701
626 349
807 752
669 719
50 353
359 745
105 986
57 671
956 797
403 903
602 448
666 742
558 936
805 136
762 79
778 808
680 982
218 829
476 297
439 343
369 703
174 32
879 869
439 452
565 295
269 645
625 735
989 22
719 189
888 375
318 894
11 850
309 537
991 969
558 100
634 726
846 430
124 552
126 106
127 695
384 255
637 358
709 169
103 398
785 713
328 908
755 999
438 465
167 685
941 454
822 75
718 8
24 52
722 183
81 197
512 281
336 405
746 320
149 884
315 981
907 681
836 337
450 52
379 134
988 564
347 420
372 785
638 556
643 876
551 79
755 464
497 448
887 215
410 700
879 365
53 363
240 302
385 929
207 730
981 911
449 22
730 129
490 938
951 811
532 511
402 228
296 383
259 373
284 192
70 817
273 81
751 602
791 755
683 906
661 939
752 183
93 481
616 454
653 895
641 799
87 979
71 302
278 140
11 515
710 131
309 810
264 463
425 729
232 825
853 761
288 719
704 71
880 952
935 776
331 880
975 59
377 109
201 446
553 463
205 700
847 253
65 660
928 937
887 729
938 493
718 330
723 432
582 405
353 177
471 78
715 820
901 571
116 783
281 502
245 941
928 887
671 193
820 653
343 112
270 637
663 957
578 971
409 602
625 5
729 270
777 967
234 592
14 686
755 142
955 531
132 429
940 260
502 701
484 920
358 945
821 7
329 184
842 994
627 328
556 820
119 188
720 301
213 311
712 458
843 672
389 828
378 345
655 49
398 754
784 847
4 901
441 549
49 820
116 410
549 751
624 142
403 737
733 356
794 191
250 14
297 183
354 32
725 639
853 458
175 50
657 215
435 289
992 674
218 22
890 65
467 240
620 474
767 261
722 397
571 742
2 311
581 449
675 516
359 23
934 999
3 131
385 645
529 191
149 806
331 655
627 341
905 844
927 267
857 587
573 273
867 702
944 321
373 425
343 321
77 405
885 270
368 705
10 350
215 267
806 938
366 909
918 804
29 707
30 164
486 925
196 180
668 462
208 362
525 591
251 716
68 910
402 582
699 804
662 424
12 757
676 604
929 168
233 747
821 490
489 625
57 85
351 287
6 366
29 7
751 859
215 828
582 255
419 811
539 710
460 133
354 384
771 889
318 63
198 529
846 625
316 964
337 615
800 921
674 958
568 165
334 499
77 541
682 155
528 883
51 190
491 327
114 272
140 504
857 122
765 833
348 635
535 705
520 102
739 122
597 120
691 511
312 560
511 904
933 407
356 1000
400 66
311 180
225 51
157 512
944 527
286 594
516 423
884 793
743 230
293 395
603 947
15 801
183 111
337 315
233 250
766 428
90 661
254 128
435 870
43 732
993 784
419 285
582 322
31 472
768 650
769 231
419 314
977 260
308 739
582 477
489 418
626 549
168 649
580 54
105 210
957 503
262 703
238 470
354 723
924 555
949 136
950 371
369 310
811 155
907 652
232 122
927 577
753 392
170 176
333 292
836 55
446 29
268 869
964 474
649 422
815 529
856 606
998 681
605 957
313 441
649 55
134 569
726 39
681 152
882 801
222 262
96 918
540 959
812 948
598 109
347 956
964 783
635 426
143 682
184 313
238 620
667 292
722 969
381 169
374 124
50 286
198 174
53 601
810 292
957 51
45 537
796 247
799 688
620 403
213 803
624 982
866 161
939 729
202 391
793 536
185 463
905 682
391 467
231 16
456 262
649 685
818 204
16 94
847 107
706 825
871 81
528 57
784 83
380 556
520 233
387 598
172 480
764 650
158 791
361 425
824 847
199 759
698 872
1 200
348 161
167 735
885 454
100 473
29 538
980 558
159 139
736 26
510 405
707 907
932 536
55 347
681 792
261 456
464 204
674 435
323 3
4 570
113 747
363 19
174 979
579 466
526 751
780 555
156 554
640 126
613 63
154 497
262 829
929 80
161 462
733 758
826 456
20 263
496 688
316 686
545 416
892 89
30 696
638 557
308 58
735 509
668 298
317 308
320 600
30 715
659 25
156 458
261 949
285 903
839 480
252 734
825 370
75 127
97 539
204 857
189 255
469 331
415 465
726 257
957 230
448 474
729 127
692 885
36 753
130 362
347 912
579 733
726 668
640 887
380 197
406 438
390 971
1000 821
875 195
748 83
808 24
170 925
690 84
230 357
468 346
162 541
719 227
529 867
69 58
984 615
507 23
63 464
399 766
861 447
497 581
812 244
885 474
580 360
200 148
145 789
77 210
258 556
704 516
244 325
983 210
717 258
646 774
849 138
983 318
566 41
502 986
609 522
95 515
132 543
3 913
910 554
308 248
716 717
578 443
976 162
906 181
375 160
51 534
129 628
186 527
575 235
560 304
321 236
414 631
554 274
517 174
241 21
938 117
646 322
318 147
873 600
841 33
808 665
56 478
75 394
22 759
522 711
263 894
252 738
308 316
40 946
558 660
388 372
669 773
804 572
184 497
493 665
298 409
28 290
247 942
364 138
478 134
887 766
875 286
87 625
143 896
870 535
176 623
670 915
322 805
951 754
735 843
719 342
130 316
447 947
748 454
344 900
168 338
758 875
273 944
983 690
804 71
879 525
6 513
98 638
824 920
497 656
296 581
315 483
874 30
747 292
180 931
417 439
422 928
258 641
760 89
651 218
561 51
963 348
305 410
271 645
342 929
379 498
599 433
167 965
613 149
581 600
697 187
716 753
988 590
688 274
601 535
29 6
790 987
86 588
626 85
165 343
366 296
223 225
151 900
302 528
838 966
325 657
167 878
477 630
460 356
192 862
937 906
994 307
407 220
523 799
853 124
203 347
645 256
316 154
871 507
992 591
402 463
331 511
313 856
478 354
981 95
292 482
3 81
89 562
257 974
116 285
566 117
947 439
988 345
611 994
785 449
110 742
488 63
585 108
471 597
823 62
736 128
76 865
628 406
44 199
48 130
451 223
275 621
112 825
266 168
983 805
860 208
989 500
948 559
285 461
716 567
2 168
647 419
851 636
10 36
160 921
313 95
732 265
290 276
272 887
209 204
983 504
703 878
272 902
220 964
556 878
351 370
359 483
190 180
981 663
554 347
388 159
338 990
501 562
872 186
156 147
639 892
569 126
260 81
584 605
70 696
507 894
532 485
682 54
97 766
971 28
22 558
494 731
886 169
326 496
239 945
593 434
226 60
136 268
84 194
505 115
920 898
990 42
296 50
563 20
753 646
130 425
663 241
701 958
443 914
120 773
410 73
66 759
253 567
515 38
109 649
24 971
611 945
597 750
893 519
219 632
609 176
222 637
334 347
797 833
600 301
175 553
362 96
514 101
951 472
741 548
89 857
658 882
581 255
41 734
704 394
357 188
763 937
573 680
669 44
506 841
124 264
237 551
592 570
152 107
581 766
217 523
306 972
60 983
367 213
958 1000
6 21
640 350
695 411
238 98
384 829
955 566
51 573
273 523
698 284
38 789
689 25
595 652
579 243
379 9
566 287
199 290
716 392
455 180
937 589
901 42
211 438
597 507
713 970
312 941
611 307
173 962
347 589
13 939
238 926
721 448
326 421
853 67
538 927
960 311
635 503
925 583
674 713
496 166
772 450
36 754
991 474
144 354
761 333
770 426
914 363
322 261
278 130
151 112
28 509
212 130
328 415
560 730
26 202
62 644
840 570
692 571
260 246
624 209
697 875
614 508
317 586
58 405
430 795
788 937
573 377
547 258
81 796
126 53
236 941
248 357
479 489
684 665
102 2
675 422
590 791
999 742
157 479
500 889
393 641
927 196
529 541
548 271
3 754
530 241
564 741
604 230
860 152
457 667
55 13
210 453
547 862
17 831
401 664
443 431
703 835
669 303
859 768
328 535
20 181
729 719
93 836
116 606
910 730
489 548
532 200
312 107
704 961
579 239
835 377
105 596
252 285
646 323
190 991
742 664
255 575
184 148
402 183
386 592
170 427
395 295
446 308
808 553
695 931
578 175
899 771
166 262
739 64
175 934
621 156
566 807
661 977
278 319
482 858
545 632
892 657
771 490
239 83
89 725
878 855
918 510
775 547
903 622
136 546
305 989
70 223
256 249
149 804
331 641
649 740
118 715
417 998
522 600
414 944
1 277
735 616
866 649
851 39
338 46
304 226
840 308
931 95
699 491
408 128
690 298
50 589
343 304
537 101
295 87
694 221
203 722
116 877
210 727
864 984
907 388
410 756
485 144
458 92
917 227
738 768
561 825
157 174
582 657
87 45
530 652
275 415
759 543
997 134
485 370
604 1000
402 870
449 257
608 312
830 457
597 450
228 443
981 867
858 30
694 648
384 515
721 366
960 546
764 158
359 992
259 318
596 765
445 919
375 133
639 697
821 940
127 405
255 672
289 208
999 545
169 94
430 186
268 278
360 719
887 543
201 845
420 169
683 613
997 459
586 376
415 342
383 34
758 991
888 640
135 599
869 501
675 546
52 212
453 48
438 908
165 716
411 677
847 480
710 88
415 116
399 787
36 127
898 78
684 579
741 197
870 786
672 623
413 627
585 130
962 146
205 636
7 447
907 575
709 33
515 376
711 493
224 981
512 173
50 625
828 576
336 654
671 10
233 26
50 704
632 615
664 892
662 475
573 756
780 946
638 970
713 401
422 687
6 46
7 771
493 250
849 98
7 912
656 910
472 804
418 433
422 393
797 115
981 662
798 820
927 720
125 576
933 531
679 115
38 889
521 145
337 477
959 195
997 412
492 340
22 717
126 12
815 384
873 535
217 27
750 175
494 617
207 624
728 752
605 861
201 527
424 490
667 294
722 967
541 257
725 100
675 787
855 737
161 989
810 290
80 523
796 241
834 444
49 604
89 221
362 429
951 535
130 311
600 97
191 894
283 877
307 341
127 124
734 44
348 895
754 726
786 726
667 245
818 123
467 27
602 930
71 613
791 172
271 552
705 427
448 956
379 896
620 194
453 165
905 906
675 316
180 838
366 617
258 292
81 911
196 488
935 583
515 56
59 944
934 75
542 959
90 998
641 414
825 617
291 261
385 216
760 914
210 335
163 991
440 696
439 570
725 881
428 297
846 243
769 215
284 744
158 209
17 995
308 230
474 10
555 367
993 766
51 35
910 767
324 387
950 716
60 822
575 241
924 815
633 556
68 629
806 271
865 961
113 932
132 234
482 371
617 468
321 183
549 615
734 573
570 578
494 410
706 2
100 821
667 509
32 61
624 647
595 776
844 436
866 348
648 151
722 792
482 85
928 103
929 658
307 98
400 448
806 120
844 267
897 49
891 864
202 199
689 696
705 228
444 8
27 16
283 394
840 861
144 852
986 711
292 468
397 68
648 324
995 879
897 571
205 966
512 265
25 352
585 888
607 977
508 665
663 389
101 518
71 734
956 352
206 323
82 181
463 336
872 274
325 351
558 886
469 128
297 822
245 648
712 851
667 65
289 742
382 275
862 537
21 39
663 728
210 160
452 596
215 209
702 733
958 683
874 519
104 818
358 763
840 70
590 54
612 554
133 735
341 540
800 553
189 728
9 338
85 551
329 973
56 787
223 489
208 62
337 862
432 566
720 40
385 785
948 40
143 462
829 763
943 375
235 706
531 113
273 929
626 273
844 472
97 549
259 338
62 357
464 478
346 536
990 961
496 389
260 840
984 154
69 472
843 401
481 416
944 824
874 713
769 192
525 166
801 838
127 52
274 958
704 55
357 575
965 944
81 565
970 809
590 598
98 636
541 958
836 818
653 292
837 7
567 162
491 599
884 38
520 950
319 469
603 630
140 712
487 739
551 750
62 87
405 220
98 862
279 759
138 505
997 376
609 330
202 992
502 782
99 900
281 471
952 963
551 972
221 883
936 661
78 294
579 287
559 797
926 112
584 103
489 741
354 701
155 948
124 23
489 630
863 620
609 901
574 657
68 289
906 343
764 231
74 959
458 606
894 789
136 214
432 673
489 912
795 994
912 838
808 631
781 412
216 194
325 544
472 108
951 876
97 577
260 157
9 667
445 504
174 814
984 118
123 642
514 603
26 353
248 830
340 385
969 375
829 256
991 674
443 904
282 6
343 915
553 129
789 146
517 125
245 639
779 720
274 836
594 849
597 430
318 977
45 7
27 516
283 958
326 624
665 138
515 625
651 363
634 545
271 618
92 213
591 189
595 182
889 597
910 855
638 120
34 218
551 611
842 613
115 29
461 57
465 190
655 513
417 179
716 561
203 590
518 251
902 90
778 92
872 271
962 764
584 387
68 892
677 938
630 986
955 556
958 861
612 882
601 704
289 234
552 816
536 85
976 108
784 424
816 709
506 759
267 703
536 196
722 531
462 814
947 650
421 223
114 291
769 259
209 637
617 392
86 197
696 121
380 482
626 454
29 443
268 725
425 996
169 40
777 297
762 873
890 162
965 564
155 250
505 113
148 865
306 213
808 175
926 835
788 800
771 178
370 883
690 62
158 632
269 641
220 209
662 952
754 953
637 512
858 863
715 558
954 362
646 620
573 452
673 706
528 75
14 798
475 178
422 927
941 433
724 967
306 744
91 322
777 717
975 758
896 902
82 683
495 697
586 563
882 474
220 277
280 162
689 314
463 787
233 902
72 260
594 377
189 691
315 632
1000 160
926 72
953 238
480 519
958 889
357 382
894 559
695 522
117 770
835 159
587 558
806 268
844 215
546 986
869 356
542 282
32 463
980 954
89 146
665 877
682 853
887 553
291 731
425 1
375 285
655 511
531 197
347 868
316 435
904 558
878 607
681 225
511 82
592 452
500 481
83 699
515 870
112 217
730 987
205 884
607 446
390 974
376 286
799 439
819 269
503 780
330 322
562 25
948 862
443 934
595 419
615 28
763 873
361 505
326 553
2 915
901 773
297 821
944 296
932 345
314 889
720 719
483 699
11 80
26 783
897 23
711 465
629 930
958 680
779 87
661 103
516 958
96 311
794 568
872 312
135 256
945 700
893 723
327 536
441 109
355 723
398 381
151 671
65 986
26 853
34 855
938 225
795 616
704 963
228 385
194 17
245 757
855 868
640 379
768 288
535 874
350 884
61 767
248 986
544 263
982 105
217 33
15 146
126 962
341 448
490 906
325 333
957 150
151 835
777 272
459 276
778 571
939 528
769 852
43 843
645 297
344 250
566 805
588 805
147 601
757 874
150 733
282 176
831 668
358 490
974 741
790 820
4 453
796 937
466 324
604 502
250 351
107 58
736 554
329 68
292 88
629 465
227 613
766 730
716 114
236 749
577 687
279 419
763 644
288 183
839 555
1 363
220 153
476 51
59 29
290 167
776 739
410 417
380 599
595 237
112 641
650 571
819 910
119 826
306 688
93 345
2 665
495 100
319 138
450 295
231 622
380 932
135 482
884 372
9 508
836 503
148 909
785 951
717 436
555 281
935 719
411 545
862 949
532 127
773 371
793 210
86 988
79 437
852 643
29 180
801 219
944 98
787 24
863 269
403 291
132 163
918 924
118 476
636 153
485 675
696 94
255 733
365 141
539 504
481 624
584 947
696 205
680 562
319 129
66 749
924 421
545 824
430 298
406 303
661 898
424 415
776 244
904 905
129 810
925 525
451 870
35 615
566 769
865 436
437 851
773 663
743 431
266 56
451 759
14 711
201 988
529 929
889 431
118 779
946 30
583 343
966 101
895 791
382 876
53 916
607 349
482 606
158 541
529 159
914 595
410 274
304 305
248 409
343 752
35 163
870 276
974 786
887 771
670 778
124 513
362 922
861 484
609 395
359 447
372 215
154 910
893 819
792 5
550 800
935 562
2 714
958 657
563 9
922 395
447 404
452 318
113 626
745 117
484 239
157 287
141 870
259 819
397 865
294 491
591 579
168 939
25 550
122 738
541 743
35 391
739 625
964 454
739 990
372 649
240 263
39 355
42 5
788 884
765 543
677 493
698 348
734 431
712 294
528 851
263 1000
344 404
435 127
878 721
776 1
706 478
485 953
930 790
643 307
408 864
740 673
815 81
999 980
213 815
164 357
166 479
903 658
601 462
770 837
149 632
723 863
830 513
856 188
801 781
306 165
398 685
330 303
527 656
867 563
791 287
687 478
197 174
686 835
258 454
23 621
918 134
53 227
196 490
34 285
367 387
64 620
85 958
525 689
874 85
250 843
270 736
849 273
560 204
870 489
177 668
196 136
34 255
487 955
73 579
546 526
967 726
159 405
876 937
146 628
733 976
882 298
898 519
186 277
156 445
11 354
71 702
18 442
136 150
155 639
981 711
534 909
514 144
702 355
522 973
446 61
214 73
786 966
499 471
869 355
222 343
518 288
132 123
460 344
265 350
854 136
468 819
30 606
576 572
575 294
523 715
895 965
71 7
364 19
420 781
967 457
515 728
18 800
776 140
1000 938
527 929
575 917
463 143
908 776
675 623
639 294
36 979
473 607
495 542
345 779
527 583
844 969
5 873
193 729
393 445
385 845
533 631
183 34
439 84
245 741
652 107
839 432
343 696
897 884
326 558
419 152
867 790
102 964
600 443
768 589
162 362
935 613
42 980
885 422
372 271
319 256
275 678
737 343
276 85
812 135
478 919
33 360
533 43
858 587
332 796
868 702
279 947
94 802
95 527
561 867
428 414
308 196
402 769
204 437
646 36
596 919
264 866
816 831
905 381
36 692
674 181
342 47
551 153
788 189
898 781
591 680
337 749
768 289
170 735
809 603
688 584
119 40
29 320
15 157
346 708
865 860
759 120
635 182
448 284
1000 345
342 888
678 966
937 328
539 396
408 954
523 759
47 157
685 983
17 410
827 649
40 837
772 30
459 781
723 584
706 262
763 347
545 908
627 824
723 569
425 798
154 324
931 516
270 585
330 133
738 6
406 86
706 552
690 229
196 622
583 370
754 796
150 107
500 228
801 821
141 300
97 789
923 454
340 700
839 554
73 479
277 205
120 30
706 893
926 698
267 491
309 604
721 628
840 134
339 682
988 6
220 440
438 483
223 779
245 539
284 925
604 86
769 15
507 646
189 792
228 866
266 3
603 278
233 806
30 75
137 354
733 536
609 554
333 426
704 770
502 611
600 979
103 768
397 973
255 873
741 142
284 321
142 803
803 551
734 985
700 857
256 418
721 210
29 111
372 854
397 687
487 729
862 458
189 333
617 402
666 891
540 848
639 698
291 658
329 555
147 662
481 736
445 389
511 327
216 115
476 573
517 305
576 212
463 801
212 487
715 705
602 683
682 259
739 462
978 618
335 283
139 516
606 98
37 173
23 142
46 213
197 407
218 916
61 424
852 405
233 451
909 250
839 633
831 825
392 966
780 105
234 63
241 841
137 918
11 957
345 987
128 895
310 107
628 402
295 509
81 817
614 229
600 627
215 298
950 187
77 261
760 121
239 17
850 918
798 876
470 847
388 783
849 214
617 50
182 502
859 29
630 984
920 903
208 105
850 696
87 163
499 510
298 118
542 429
138 991
501 494
345 177
471 689
938 83
523 448
122 965
854 498
13 562
621 285
327 406
192 699
815 397
786 133
646 409
653 627
395 57
577 185
725 97
946 334
235 797
273 248
790 551
496 463
204 528
776 145
687 933
800 247
288 475
919 246
79 853
117 386
392 787
529 88
587 287
292 2
776 463
690 173
503 810
2 107
311 151
426 943
867 543
230 461
549 737
140 989
947 407
167 729
988 313
382 24
129 276
476 69
918 883
447 274
989 985
235 502
187 139
335 819
546 590
620 995
219 937
567 228
258 722
25 197
723 410
854 880
879 295
257 490
299 606
567 24
129 208
82 272
214 509
825 840
310 768
518 229
669 327
670 32
711 716
646 57
997 219
582 879
473 343
951 212
96 762
711 498
473 448
551 69
754 83
200 164
352 878
865 600
463 586
857 155
472 183
184 363
349 605
298 287
852 922
265 686
32 175
698 72
126 643
454 138
863 122
350 75
890 196
374 93
178 200
604 248
587 108
37 3
937 13
739 441
832 373
886 56
64 239
748 57
936 435
735 973
22 808
335 467
387 266
210 859
515 6
273 407
348 973
510 73
591 457
956 355
172 306
743 37
447 58
189 665
548 85
218 667
568 875
418 878
564 963
563 560
72 245
271 575
219 870
866 31
146 202
318 638
806 759
926 377
620 598
914 973
767 534
183 481
198 157
214 281
343 255
419 727
651 992
670 28
125 803
532 101
77 896
830 326
47 600
901 233
602 225
836 298
195 418
94 605
313 282
939 186
464 346
229 982
663 6
126 480
221 838
27 437
849 78
212 639
216 378
679 133
256 741
628 610
134 762
874 899
622 288
622 945
806 8
40 951
278 465
482 116
435 182
862 243
493 660
900 468
593 622
170 713
423 681
476 457
807 519
939 663
685 613
813 715
585 785
294 553
547 678
1 591
594 582
791 96
597 817
753 642
432 333
676 160
288 737
383 360
758 876
979 113
485 862
525 724
328 157
790 43
828 346
278 895
45 32
562 138
859 628
508 414
355 773
758 526
63 588
319 470
806 940
708 390
267 200
402 561
845 795
718 219
738 685
154 586
968 186
785 804
485 237
293 954
954 868
517 147
786 621
604 996
113 775
502 886
588 182
90 17
436 5
220 876
133 99
235 585
233 527
713 821
517 141
494 486
687 573
264 125
392 50
428 816
472 192
654 706
354 252
669 883
127 401
273 898
648 776
6 889
513 532
888 823
649 255
321 926
696 190
99 796
991 393
279 29
264 298
670 726
737 647
188 89
151 71
721 393
800 347
862 9
538 451
546 982
835 947
486 813
287 276
948 754
823 486
97 2
170 862
748 295
649 159
549 338
41 971
426 859
188 814
331 203
664 563
917 335
258 348
172 476
27 537
727 616
804 247
309 703
723 385
694 258
915 723
736 116
333 154
10 207
104 766
746 181
530 902
175 999
234 353
664 832
537 246
171 336
834 560
392 515
177 711
911 436
911 870
9 286
416 264
56 863
646 82
594 291
75 206
191 115
928 403
33 113
660 970
21 528
997 311
587 519
34 669
878 10
700 894
937 596
151 566
407 424
175 998
51 450
342 199
164 675
478 771
797 145
565 245
605 808
160 726
824 49
146 101
442 956
652 735
412 288
929 650
821 908
273 110
381 901
424 494
761 459
950 391
28 240
305 605
433 608
786 420
405 877
442 670
320 62
486 751
876 35
464 881
990 47
829 115
776 353
120 667
340 416
605 492
53 837
525 235
127 969
572 74
538 342
685 485
476 70
480 1
805 916
82 205
652 65
563 678
145 513
2 906
503 461
229 283
946 227
804 235
936 931
657 92
280 903
742 75
699 892
121 627
488 810
676 813
298 535
405 785
443 450
573 923
618 92
780 963
50 736
864 180
385 333
133 743
9 425
195 50
219 424
396 823
228 138
726 409
584 418
837 528
108 928
716 679
110 178
724 476
1000 50
480 794
574 396
925 30
817 701
485 519
572 487
949 392
368 283
475 529
961 298
122 998
783 17
604 754
477 520
204 192
939 383
778 691
374 176
85 67
782 219
169 248
243 779
353 484
533 733
333 774
541 481
912 431
572 409
994 103
444 4
504 999
302 158
982 524
454 437
79 808
500 275
926 787
874 608
411 482
982 639
253 613
932 128
880 209
255 43
257 920
206 533
499 733
652 263
947 325
625 611
700 27
279 408
915 609
162 646
845 643
866 766
942 187
560 908
139 11
33 524
141 633
54 954
870 56
90 966
816 691
474 345
625 943
963 247
451 43
15 682
258 985
150 747
559 773
942 146
309 58
347 251
354 661
989 515
786 518
824 429
643 915
627 723
502 692
194 253
506 699
269 540
902 835
261 89
929 999
614 353
954 530
740 39
961 310
564 213
70 618
894 808
355 144
895 618
74 712
381 988
311 741
421 101
459 958
647 827
31 762
416 912
737 521
517 475
956 877
614 849
795 169
984 158
431 173
108 110
715 478
865 429
870 702
541 630
526 474
870 181
572 300
205 789
317 903
254 290
382 887
838 633
809 311
719 348
943 804
982 778
393 337
383 363
455 910
974 906
131 876
634 311
784 2
435 738
44 330
637 709
159 43
555 862
612 773
166 929
603 586
637 295
638 64
112 866
367 42
815 966
465 86
817 313
34 37
755 76
717 288
756 314
668 676
210 418
569 281
625 221
617 229
85 455
727 120
730 780
712 271
509 615
699 539
977 221
802 256
470 114
863 761
95 771
441 872
540 652
836 38
891 224
543 555
547 556
844 26
172 614
919 552
596 651
19 323
482 311
579 863
35 695
643 570
496 199
136 56
284 144
550 223
40 916
683 954
763 136
835 519
213 167
105 998
344 42
183 563
754 461
724 277
246 81
374 410
411 140
783 412
967 403
933 15
559 69
778 828
515 931
952 519
274 527
993 365
991 686
62 758
581 758
691 226
296 890
978 650
117 206
245 441
174 127
107 424
418 693
718 632
296 777
104 815
462 186
86 721
914 737
934 740
953 538
720 763
862 586
611 710
174 916
776 785
923 706
637 346
548 253
54 98
682 568
370 271
361 208
200 210
321 493
185 866
827 287
521 728
794 716
355 526
208 175
699 857
556 70
738 801
546 236
86 797
124 448
732 263
716 700
509 666
848 268
785 898
389 458
816 874
393 15
431 707
218 60
146 305
704 927
765 314
663 15
327 259
310 759
596 824
502 879
142 940
956 576
459 24
407 280
307 156
825 351
365 366
422 255
425 41
8 31
796 40
355 168
252 544
971 18
627 980
187 995
631 996
763 148
144 990
130 641
88 11
52 622
571 694
678 238
258 253
369 550
758 24
103 883
136 641
66 606
417 836
519 959
921 468
575 963
598 638
619 211
909 139
128 640
697 849
528 417
749 989
241 922
828 428
373 505
802 563
785 423
528 79
125 473
68 47
180 609
661 909
438 425
721 707
105 38
33 321
418 157
661 79
239 55
849 167
703 708
225 653
998 256
855 393
298 9
437 16
664 204
994 879
646 940
595 948
262 933
926 76
164 915
347 271
789 860
578 641
56 235
521 295
795 640
423 835
210 112
929 986
837 817
275 184
494 300
632 653
104 294
912 883
386 582
740 403
484 593
35 885
311 640
701 280
4 56
613 764
834 251
450 752
498 708
389 627
213 863
985 238
532 741
403 939
138 545
969 674
877 473
143 949
900 272
136 701
410 4
589 970
728 466
652 256
926 931
892 873
316 847
36 45
257 776
121 323
101 309
758 945
745 502
784 182
434 627
988 142
571 158
755 685
478 888
137 940
802 966
550 796
459 954
206 102
447 344
54 917
91 418
315 698
962 563
245 949
642 961
111 28
821 457
204 289
8 247
349 776
670 2
449 654
218 69
364 59
376 891
446 77
360 142
716 226
536 145
829 532
591 693
995 276
890 546
583 517
881 493
653 756
695 148
557 184
108 314
74 614
165 269
612 250
795 906
722 870
363 396
634 989
878 285
40 953
460 462
43 574
334 910
236 37
61 78
560 23
579 529
943 80
305 612
325 873
844 699
661 987
62 584
355 478
139 541
454 2
165 833
723 939
249 48
691 137
88 370
642 351
793 729
762 254
656 175
72 934
874 359
379 847
378 630
550 606
791 956
999 477
305 177
287 993
55 69
45 175
319 464
211 315
21 70
6 794
711 995
12 399
585 347
702 738
372 413
729 980
591 506
168 804
696 550
881 734
829 854
665 749
392 327
873 882
660 48
953 42
739 601
897 143
209 362
108 632
91 842
795 584
322 803
725 647
247 71
673 20
587 746
398 127
990 757
757 162
575 389
777 86
139 394
462 838
467 600
978 721
454 822
915 448
596 763
13 429
429 748
765 1000
130 523
972 262
649 253
190 735
766 830
307 417
273 17
112 7
455 297
757 985
886 247
122 96
784 675
292 39
89 281
625 383
546 806
16 332
654 421
205 824
353 13
228 11
615 749
339 78
636 712
793 668
886 707
361 667
515 64
701 885
561 258
926 522
598 743
533 940
7 437
861 218
741 666
408 226
503 518
870 118
926 292
75 717
326 644
862 986
741 747
846 110
63 648
685 980
320 904
104 783
75 736
306 803
91 27
293 971
495 501
951 309
450 182
513 924
54 316
909 836
663 850
600 946
488 396
414 916
856 951
177 816
419 975
648 899
842 379
372 949
942 211
754 189
332 491
525 281
835 452
618 988
982 405
17 325
199 85
754 268
479 485
429 720
70 706
95 149
363 229
734 500
136 843
511 933
903 889
745 989
493 871
913 388
409 901
931 624
18 843
183 647
511 10
847 684
525 152
283 341
960 580
697 999
607 300
83 384
283 706
732 531
442 948
970 904
936 248
171 869
210 773
893 512
359 164
987 711
110 794
572 59
809 415
689 881
921 884
733 104
401 968
102 25
488 925
340 614
107 693
73 357
149 56
405 174
303 651
600 594
837 363
702 811
538 776
557 92
81 163
437 238
131 834
495 408
632 210
998 257
251 652
987 48
868 789
498 341
90 181
453 773
972 827
205 164
298 966
860 576
4 884
846 919
298 105
137 45
191 230
922 508
631 308
134 386
63 312
963 742
112 878
621 510
179 279
190 662
721 424
594 30
647 576
227 35
309 347
17 289
286 127
392 612
485 840
87 644
861 721
865 534
296 247
338 622
744 757
31 657
786 390
607 98
865 391
863 244
390 816
653 886
215 15
126 608
236 480
718 868
900 273
259 171
980 39
377 206
620 401
218 998
75 947
921 439
723 895
481 120
210 854
13 505
770 212
576 107
922 11
505 739
20 538
582 701
135 723
839 723
400 672
383 599
461 777
313 887
409 918
564 974
108 351
106 72
159 198
787 529
440 636
388 740
560 797
278 688
154 962
345 641
879 324
77 202
944 11
854 514
124 299
654 958
641 109
721 959
439 532
725 799
724 710
985 962
381 293
224 608
195 417
693 162
385 585
206 547
335 440
774 184
748 694
983 441
217 778
521 445
788 849
794 854
797 53
503 20
329 721
716 427
151 632
771 380
543 966
253 543
735 366
916 596
535 666
373 681
230 866
564 70
736 995
109 159
346 627
402 193
685 717
886 889
759 229
748 890
490 518
397 506
349 108
737 527
761 385
336 853
726 833
423 215
697 573
938 689
726 688
69 339
732 693
240 783
810 631
810 747
499 522
425 659
102 485
283 285
201 106
326 221
149 700
795 341
405 290
827 810
819 364
876 259
586 33
735 704
22 21
460 994
465 648
175 633
287 83
749 932
310 272
629 254
645 889
853 430
101 437
879 634
646 553
334 5
300 109
447 750
853 887
488 981
140 710
915 696
418 992
205 296
231 532
592 618
827 501
356 28
152 59
101 248
48 508
655 555
842 730
208 242
155 797
214 115
431 952
719 46
879 62
76 313
683 355
722 263
427 161
397 969
935 73
648 537
742 605
564 405
843 758
551 185
789 516
317 259
798 850
431 271
967 841
175 715
260 101
597 444
544 312
946 580
32 12
51 280
968 712
919 411
441 584
208 717
62 184
356 605
425 131
344 445
625 844
244 65
539 364
717 990
670 586
335 810
160 287
622 707
334 913
863 191
445 498
784 676
605 532
753 769
559 71
433 347
896 925
89 649
752 71
838 572
993 795
277 410
244 803
305 865
126 267
550 665
255 237
830 761
500 196
917 460
988 337
409 44
193 645
654 570
894 159
515 439
936 827
24 661
595 94
447 701
615 163
836 156
45 146
121 596
50 616
234 221
362 790
646 676
958 666
286 245
376 902
195 202
12 428
568 617
918 584
243 214
834 527
390 241
949 878
328 888
113 710
384 954
171 482
320 824
580 78
219 510
775 375
337 783
911 343
713 756
788 130
522 978
564 361
927 729
397 638
75 364
534 853
204 72
557 588
502 877
375 17
288 19
553 521
682 175
961 508
191 419
159 286
990 865
807 789
668 253
282 928
307 15
74 270
442 810
151 134
635 483
304 775
729 106
216 83
472 509
329 340
98 11
329 293
370 907
445 701
335 507
106 913
639 265
235 972
217 472
593 853
13 468
287 245
571 406
454 366
957 669
581 273
283 626
639 111
71 755
644 601
22 477
832 809
337 397
779 754
853 973
472 479
845 621
863 923
439 252
791 395
480 499
968 392
732 161
716 798
131 580
25 201
408 255
979 776
140 654
45 910
935 717
522 434
888 206
390 66
319 376
459 484
56 544
149 281
264 621
427 971
963 173
560 47
143 478
345 503
308 237
716 674
422 349
996 178
815 734
337 875
871 754
51 517
142 876
272 986
989 867
422 428
851 894
565 52
849 828
476 957
437 673
933 756
317 331
636 111
268 913
549 608
252 352
553 613
386 883
248 819
404 616
164 593
809 796
701 278
697 203
48 814
378 45
89 438
951 850
133 491
706 319
156 796
586 21
929 516
87 884
1 837
937 113
908 950
377 92
465 897
672 337
952 38
272 47
308 869
535 486
495 549
932 6
814 171
653 87
909 173
770 213
904 563
745 652
533 626
679 916
301 808
780 45
197 141
776 618
571 144
224 37
296 594
427 760
435 937
723 442
651 169
779 508
376 847
105 119
358 355
931 137
769 38
832 578
747 593
931 278
958 573
685 795
920 757
86 744
471 635
181 204
21 371
168 985
833 693
855 28
455 808
161 112
608 455
829 645
726 299
319 664
734 998
733 721
530 401
693 67
18 189
205 485
380 410
852 740
906 412
375 473
492 155
39 294
541 160
923 593
216 237
325 565
753 58
766 768
596 698
321 419
352 620
408 814
886 233
868 428
905 446
429 936
14 322
252 985
558 753
75 880
667 404
409 388
218 499
909 495
378 803
491 563
259 134
151 428
391 509
857 695
383 391
871 434
127 698
535 123
496 632
480 93
867 603
784 5
552 481
590 601
184 933
258 372
405 3
903 260
709 53
927 386
729 655
234 87
468 895
771 942
495 140
735 252
768 696
471 247
275 600
628 42
702 785
797 547
855 365
586 994
989 487
997 940
340 893
863 951
963 101
927 966
252 228
850 9
703 879
47 651
307 630
489 639
878 131
76 137
283 34
445 988
284 350
927 740
930 560
898 470
337 716
345 660
251 2
164 651
151 927
252 680
15 252
454 820
441 591
479 387
762 749
655 353
356 606
69 643
655 396
403 519
98 245
557 922
340 170
105 12
280 70
516 85
257 742
772 255
481 340
107 254
839 193
554 819
417 152
230 608
832 177
154 421
971 721
799 599
748 125
469 620
98 326
826 922
896 144
277 266
491 84
909 245
624 273
390 682
248 5
120 34
480 488
177 392
665 147
921 57
443 333
466 870
84 585
875 718
715 793
78 107
23 702
903 760
737 402
167 787
267 977
688 122
656 728
180 686
287 650
975 569
824 505
966 852
779 561
21 683
150 769
60 956
964 809
280 410
636 469
747 980
77 725
902 782
621 280
200 736
986 806
860 819
424 323
830 207
677 376
518 64
942 628
726 799
451 955
749 406
587 71
274 332
529 450
911 552
554 791
652 392
895 146
441 38
255 51
257 944
611 811
114 881
170 943
210 880
709 532
533 748
516 510
153 240
999 1
917 766
535 163
427 526
580 600
894 184
783 945
4 861
122 625
263 45
12 371
489 106
223 825
903 221
172 105
84 621
381 61
465 2
729 993
399 307
333 11
45 407
285 424
33 311
237 943
594 909
342 426
109 373
972 821
185 93
539 890
902 200
636 394
161 452
473 346
950 708
169 811
132 323
479 148
348 545
252 498
803 994
111 441
338 914
82 849
963 744
412 98
235 577
142 911
218 305
826 560
647 578
85 79
206 133
237 388
848 823
903 953
939 384
43 727
541 332
155 433
636 846
415 611
397 468
79 534
955 926
339 701
411 216
35 596
410 148
795 486
918 858
925 975
585 518
857 809
896 983
454 425
607 253
377 662
136 672
102 511
585 919
676 314
144 219
857 156
849 794
633 899
226 315
210 852
377 189
396 449
108 354
808 1
793 883
980 510
135 804
301 60
654 576
538 217
499 511
852 313
836 966
124 976
734 501
969 227
606 744
607 689
223 908
29 579
271 570
309 755
491 752
223 797
8 834
387 973
419 508
718 192
811 942
404 8
814 308
533 53
242 920
375 916
581 729
17 822
90 228
901 977
111 142
294 474
629 717
860 238
869 94
125 830
882 219
294 309
395 729
996 87
389 15
507 98
381 517
203 877
88 539
789 607
298 218
997 476
74 613
846 18
762 726
84 446
844 464
300 760
942 699
578 215
959 630
425 768
616 557
778 772
256 941
821 738
938 590
64 127
50 62
608 636
348 831
594 579
671 709
430 205
144 86
272 155
1 499
789 394
441 28
427 569
37 614
22 410
775 824
380 622
65 310
771 913
519 311
633 362
392 782
805 55
569 978
966 572
789 221
183 290
23 661
764 571
175 974
733 880
502 564
220 293
93 721
441 176
171 363
918 724
430 760
744 454
119 454
693 275
739 717
721 42
479 974
854 270
696 664
569 398
807 188
21 266
963 898
346 896
152 761
9 80
137 107
854 488
108 650
937 396
597 442
13 921
730 221
514 926
17 350
200 852
809 714
936 615
276 649
26 548
991 103
995 96
718 104
155 121
302 504
984 207
786 445
145 67
612 297
815 186
108 78
737 666
596 331
657 401
616 521
676 483
407 651
148 708
130 475
594 660
477 48
135 590
174 16
490 429
736 461
364 390
112 375
629 446
421 601
897 660
495 973
336 970
945 160
233 342
548 27
6 987
408 374
270 924
714 678
883 349
210 209
716 843
988 992
241 685
884 177
758 670
989 904
380 848
2 628
279 896
837 662
219 67
635 603
712 192
640 109
108 655
38 916
185 64
793 385
526 649
86 896
87 185
255 779
271 54
312 189
184 199
441 799
146 926
6 321
215 725
886 618
722 523
900 943
318 198
179 316
986 180
317 747
847 885
250 852
388 16
186 208
626 510
807 791
977 616
320 277
76 845
883 359
385 16
821 568
907 144
807 629
179 758
338 536
29 284
161 837
666 746
259 176
980 14
305 818
966 41
808 151
383 457
221 510
335 411
895 297
334 647
410 453
541 683
908 242
122 357
638 223
537 744
940 547
460 981
616 771
965 112
13 291
269 697
754 945
867 658
500 73
316 872
382 109
910 69
137 948
428 109
893 895
464 571
676 987
471 201
672 240
168 562
81 791
334 67
228 962
174 488
512 759
620 616
73 763
954 84
457 532
149 182
171 290
530 242
245 989
275 256
206 808
713 436
146 623
147 314
95 528
974 301
860 428
785 672
599 113
926 195
364 582
761 942
868 118
483 208
692 260
51 436
927 703
142 797
489 967
866 215
420 711
350 896
422 164
91 412
744 75
281 979
726 239
498 413
18 230
611 317
96 990
830 25
243 865
118 8
394 677
324 452
731 756
237 387
373 835
100 909
874 824
673 307
117 314
347 109
203 396
153 663
80 593
27 122
122 52
947 61
105 930
18 795
365 624
919 163
745 958
652 478
924 283
374 454
875 303
69 380
605 602
643 165
679 547
576 832
197 370
50 27
415 273
933 340
438 978
351 579
391 296
193 545
473 721
374 531
983 675
965 84
288 842
888 415
135 180
36 271
367 319
462 97
798 415
508 963
35 469
628 464
868 583
381 289
323 970
109 646
732 54
571 112
2 653
151 782
354 844
811 671
983 231
369 281
671 613
724 705
263 327
301 528
659 386
417 115
471 416
204 349
945 517
711 686
684 795
789 892
242 123
190 235
247 462
711 575
413 408
911 137
470 107
553 933
251 797
242 202
351 444
696 987
437 643
848 246
528 311
816 532
431 485
587 339
803 878
808 98
610 528
630 599
976 330
248 849
47 821
303 159
914 16
311 736
956 366
142 138
209 863
456 540
644 991
166 399
408 863
154 335
856 93
268 507
287 425
771 468
865 273
300 548
637 781
853 304
605 303
827 989
776 397
460 910
870 925
887 529
283 655
196 740
982 783
245 337
286 397
15 34
302 876
922 157
945 20
749 818
935 945
292 949
328 468
580 288
909 514
551 737
509 62
372 362
871 880
51 899
971 335
660 367
223 641
45 333
486 417
306 827
368 924
849 227
133 826
280 226
615 508
46 969
141 971
551 852
592 651
76 308
441 913
389 465
804 792
229 786
389 196
180 490
860 404
717 61
919 833
132 373
748 661
289 182
772 677
887 226
501 547
215 673
199 220
809 696
241 46
955 854
246 281
749 142
967 219
423 910
761 576
869 565
857 213
435 107
981 992
958 373
317 83
553 582
733 506
50 366
692 129
184 408
80 993
244 520
316 173
201 891
678 199
662 728
496 297
60 170
247 564
912 379
397 253
951 698
697 975
662 843
644 834
294 591
813 693
151 434
429 172
523 670
287 274
163 256
255 238
754 827
404 542
723 824
338 230
432 367
127 928
735 545
542 687
245 309
616 951
486 1
666 686
242 541
921 142
466 213
430 968
641 287
469 942
418 912
747 505
267 157
875 704
769 243
868 543
81 187
101 136
907 77
820 730
876 814
751 322
54 22
77 143
155 845
457 635
713 348
953 360
627 65
831 331
271 896
458 665
441 941
133 943
741 90
389 53
945 589
329 908
842 991
182 884
190 163
707 471
806 801
952 398
977 845
166 11
886 922
691 664
450 886
605 802
223 95
830 205
691 265
164 399
826 892
866 289
494 742
260 890
902 697
744 669
598 232
333 105
566 842
352 534
580 916
317 232
249 146
451 842
887 699
690 213
728 32
423 390
269 982
370 793
656 742
939 866
889 83
102 416
213 521
197 116
808 39
148 584
595 289
957 666
10 681
391 340
15 319
88 477
287 135
476 92
435 916
176 768
34 418
704 278
515 350
220 456
9 618
590 945
996 456
98 799
318 724
182 662
301 922
289 818
328 673
458 987
684 93
812 42
725 775
694 2
626 972
937 783
955 466
375 803
164 920
436 933
779 449
186 652
918 693
354 634
171 80
834 816
601 555
104 13
925 172
664 495
116 764
526 533
911 37
80 817
78 688
64 86
340 484
192 670
856 693
692 91
217 125
588 572
668 220
47 129
708 717
303 107
469 351
240 57
886 128
338 618
399 56
710 466
322 563
605 552
877 323
515 704
753 893
274 686
147 580
396 157
562 419
587 242
1 715
678 271
93 357
684 840
86 607
981 470
73 825
754 752
59 298
745 735
378 748
770 208
280 604
634 285
729 519
457 836
651 460
724 782
762 441
448 513
474 513
1 183
898 191
969 70
223 910
101 494
466 157
413 930
984 994
380 699
471 236
219 895
613 387
392 739
802 818
529 522
299 490
732 55
626 526
276 93
835 336
354 845
153 270
228 886
300 427
194 930
46 579
582 529
16 562
452 382
592 529
332 788
872 289
409 549
393 872
67 65
105 150
803 725
971 695
163 626
238 410
609 518
60 910
132 515
727 82
30 486
677 873
243 433
544 562
855 142
513 841
351 447
834 903
542 492
963 825
158 469
146 389
129 753
901 115
80 129
616 83
782 270
622 54
199 136
535 978
612 231
995 249
959 914
138 752
503 310
435 14
471 852
61 984
463 932
784 557
178 788
201 717
312 690
259 493
977 704
709 621
122 73
697 577
662 573
40 220
757 881
248 827
205 96
100 640
343 784
158 436
343 371
95 399
53 903
184 842
814 202
173 322
121 241
468 386
291 139
19 888
776 541
581 214
700 164
22 408
653 346
144 374
442 7
940 778
258 661
772 101
893 919
215 143
220 295
632 159
881 825
903 27
85 751
341 597
894 291
458 787
307 714
949 135
132 487
744 343
377 786
46 825
513 804
518 55
614 101
800 712
602 204
549 789
911 236
289 181
950 642
807 15
664 295
663 584
127 377
433 770
436 179
275 247
811 473
5 418
378 142
289 812
345 127
735 334
316 840
283 177
982 509
633 843
878 706
75 51
331 141
377 319
559 950
493 625
499 972
64 191
355 400
584 2
456 569
143 635
916 825
277 565
207 308
373 92
448 141
486 853
178 26
986 645
314 554
192 130
763 605
250 376
197 415
988 446
357 601
384 451
19 916
560 620
283 539
413 584
231 961
380 541
73 483
221 368
525 307
68 162
861 507
845 982
205 375
116 182
79 290
542 590
263 91
980 543
949 584
849 300
518 50
82 684
91 481
609 364
557 132
775 77
814 525
525 614
474 394
792 43
612 660
9 337
281 554
428 463
566 250
485 266
482 825
354 599
281 731
643 213
8 344
650 235
356 136
108 601
203 823
711 407
333 381
824 73
271 214
352 858
369 156
136 75
869 711
670 392
820 61
714 536
363 442
658 945
735 162
94 318
151 813
99 68
528 275
605 850
455 379
504 611
875 436
841 300
394 993
89 463
182 828
992 648
147 555
593 943
867 216
145 741
415 686
36 849
991 379
919 14
292 156
207 264
245 69
563 96
532 813
58 600
280 141
795 437
83 391
182 457
681 318
865 201
900 600
117 172
279 397
780 438
733 498
180 410
135 850
626 246
452 982
187 131
153 23
528 69
231 890
291 417
516 686
846 429
405 169
543 586
698 236
954 82
427 553
480 725
686 389
926 404
949 989
220 751
902 429
336 500
674 452
399 173
59 536
189 713
25 920
924 540
85 520
33 421
52 327
532 73
830 338
176 427
203 834
354 490
358 790
846 523
260 426
242 382
228 358
48 964
631 248
490 781
436 363
978 436
350 785
652 465
1 959
751 763
645 170
353 396
703 356
891 908
51 197
434 199
805 468
402 361
477 803
136 325
799 778
288 384
867 244
979 398
959 684
545 616
89 340
307 269
400 217
148 783
259 174
212 150
966 11
273 510
352 273
6 756
500 137
118 840
102 333
230 278
676 180
917 686
495 918
791 197
693 809
687 276
692 702
645 189
326 916
996 824
905 979
702 889
298 611
79 282
837 330
873 660
533 193
983 849
183 328
427 922
798 191
324 290
681 871
793 349
778 139
926 3
33 464
108 876
966 768
381 288
612 684
850 745
670 4
820 945
933 766
973 237
651 873
323 264
91 726
539 712
384 92
674 829
307 828
401 327
165 422
63 347
285 723
138 622
450 780
361 805
521 39
943 376
126 852
731 722
95 91
728 332
932 170
1 820
255 257
610 880
904 919
833 23
193 368
545 923
125 213
625 341
829 149
848 564
636 563
904 855
348 651
649 566
27 870
238 666
253 514
718 756
595 363
830 710
465 626
922 104
409 91
250 583
36 222
59 23
520 515
279 554
466 587
59 900
392 817
500 818
980 516
470 606
989 370
937 932
595 788
281 476
45 331
428 341
486 423
739 726
72 503
823 892
590 25
883 17
21 290
161 808
797 321
935 503
617 238
122 724
873 884
67 205
925 812
824 336
788 235
668 577
725 528
542 446
62 457
195 273
146 343
755 489
94 725
668 496
119 150
302 690
682 180
310 669
591 772
961 491
959 800
925 368
639 732
674 944
329 577
369 832
83 942
599 398
468 892
568 34
911 818
109 894
193 163
819 147
329 419
936 341
904 947
307 468
844 725
27 981
869 870
487 231
877 411
936 115
439 320
331 635
101 865
945 507
374 703
265 857
505 444
73 128
574 850
331 712
101 754
796 566
471 668
527 646
754 904
849 752
991 949
25 470
438 288
415 9
185 536
47 566
473 482
159 244
107 719
788 740
665 151
461 422
763 920
570 284
384 145
93 641
923 840
690 597
747 396
324 491
570 399
916 247
383 840
706 176
693 75
263 376
52 509
94 848
720 431
35 135
242 991
977 16
617 57
889 700
284 664
344 162
237 856
128 436
458 647
798 436
591 597
125 350
750 494
147 1
960 892
461 481
119 197
249 724
982 205
512 932
829 598
431 452
62 58
808 613
142 951
548 926
218 345
791 542
151 959
868 179
338 866
110 663
467 634
61 812
70 693
625 849
824 57
53 393
240 128
113 150
522 640
963 558
210 60
910 43
810 135
338 644
265 522
503 622
87 879
914 233
572 397
701 239
539 252
688 966
174 849
781 151
26 328
524 767
961 819
836 697
35 410
328 400
63 578
726 620
361 744
166 105
932 251
201 119
808 41
244 179
481 199
961 605
983 664
196 318
382 1
862 271
594 921
597 315
339 334
785 408
917 363
956 455
776 677
102 19
504 510
141 589
91 302
79 257
799 24
237 649
37 797
629 979
498 375
979 764
450 498
309 445
3 786
208 288
198 371
683 273
400 454
962 456
29 959
124 483
252 40
398 364
298 960
890 678
742 911
566 377
329 942
367 2
150 912
320 551
857 448
323 444
231 418
899 743
488 836
579 143
489 853
454 993
259 725
260 58
541 215
84 422
321 60
416 1000
92 1000
790 617
294 856
498 767
818 862
985 247
572 401
791 881
634 214
868 862
598 357
305 706
369 763
192 92
305 851
804 371
788 856
705 274
858 996
549 129
572 102
865 212
331 656
704 86
314 278
602 829
849 568
166 568
70 398
210 5
816 237
395 490
544 246
789 54
386 907
997 947
96 450
149 312
557 203
615 469
820 515
489 757
988 713
609 516
622 524
495 299
405 543
539 86
402 887
281 658
865 904
661 447
132 291
405 753
674 826
130 796
294 472
226 693
613 807
564 221
485 692
658 358
592 238
646 46
887 57
636 255
89 100
108 320
711 322
113 350
334 774
740 269
133 441
580 668
156 974
456 944
493 651
763 341
490 659
553 503
628 861
661 996
153 993
838 92
583 215
142 427
914 320
511 200
663 223
369 743
888 625
743 269
376 325
269 796
722 109
580 766
13 279
75 546
634 319
92 431
291 26
76 796
59 22
150 323
192 501
585 98
474 739
701 588
721 211
63 631
564 936
552 260
997 528
371 6
335 611
349 503
828 544
243 192
225 605
320 931
263 279
858 431
113 732
679 3
383 804
940 185
444 936
220 804
949 133
915 781
703 874
952 89
194 166
780 737
712 311
507 405
882 251
366 472
800 714
194 217
512 254
259 527
285 831
363 579
878 486
271 252
419 937
114 307
502 906
86 181
645 80
630 438
227 97
800 7
751 562
311 705
517 406
611 455
95 190
406 703
647 791
778 962
304 785
247 787
30 815
143 724
575 753
641 807
307 471
218 646
865 449
807 546
576 796
60 165
355 483
13 89
331 634
928 28
550 659
480 143
207 84
961 624
121 147
709 498
602 834
370 722
296 753
171 911
816 504
638 315
73 481
550 637
831 688
687 847
969 191
59 931
101 292
709 165
405 194
158 929
955 237
298 568
371 994
392 701
780 976
343 88
93 561
63 841
870 331
418 18
993 636
595 928
501 881
119 422
587 976
417 56
950 322
699 974
901 262
885 823
816 866
891 422
272 633
413 428
967 517
787 355
312 65
617 346
925 49
468 588
30 335
158 384
56 70
111 416
114 452
61 715
616 30
624 569
290 640
195 838
139 926
29 286
293 210
216 315
790 723
368 470
682 857
411 66
142 214
199 995
56 275
424 471
705 122
155 89
655 284
452 370
774 238
320 55
801 568
877 493
326 125
308 536
93 286
314 605
978 580
151 98
101 819
173 486
620 17
692 902
434 914
182 604
553 88
556 120
974 552
835 918
141 281
883 622
314 703
813 295
649 734
335 231
616 775
983 667
362 195
774 658
563 689
124 969
324 155
733 97
862 671
355 620
906 765
432 108
548 138
770 412
96 217
769 449
727 500
763 935
417 265
132 756
774 335
668 966
6 229
64 10
963 258
873 307
237 537
885 745
618 468
469 98
950 447
972 675
864 828
369 370
464 74
949 253
18 433
492 632
96 592
389 22
670 185
824 265
753 690
479 147
427 380
363 634
274 233
419 912
276 623
977 942
462 790
247 4
322 253
416 122
329 655
184 134
704 884
631 162
562 999
92 890
460 587
293 445
900 107
41 849
905 315
229 747
51 199
342 986
381 928
627 952
666 552
257 963
613 629
156 794
468 36
51 116
986 601
515 709
511 70
437 879
773 645
619 172
670 791
36 55
982 517
583 631
786 272
291 946
358 942
305 850
947 223
5 973
524 883
672 710
196 652
748 659
783 754
861 238
255 163
394 434
611 987
575 892
410 302
874 267
914 654
150 164
318 778
780 43
729 693
141 543
386 454
542 629
907 168
513 273
664 995
723 320
418 723
779 498
414 27
306 640
979 667
819 834
345 571
457 645
981 883
134 37
566 56
898 766
854 743
613 68
704 928
308 451
29 51
177 992
17 587
200 607
185 493
773 148
540 673
78 608
9 63
872 81
781 649
414 614
588 149
872 224
503 130
513 616
627 630
207 654
374 149
122 882
165 134
113 349
645 140
114 750
167 471
460 291
667 925
494 669
23 409
383 581
269 57
142 313
937 87
45 594
942 288
670 883
315 493
970 233
74 34
221 433
55 429
462 108
230 673
162 961
491 151
886 316
690 107
804 487
400 997
917 704
496 638
196 56
83 46
874 367
713 146
550 779
16 149
922 153
92 87
352 140
392 819
390 482
824 806
22 638
497 530
742 8
358 257
34 427
90 931
401 852
845 944
261 480
675 174
823 894
347 161
310 855
186 353
650 400
523 98
758 361
600 815
195 501
315 369
972 747
665 757
176 486
488 408
622 287
90 116
67 932
459 874
155 560
748 657
711 543
111 399
702 294
226 743
195 672
769 625
368 348
556 671
649 11
706 44
320 415
781 574
809 717
999 710
658 474
937 145
282 966
191 618
739 106
460 633
83 654
486 432
283 464
585 624
663 701
605 621
398 899
516 226
98 465
249 107
196 913
951 694
643 225
463 72
66 738
123 876
272 252
24 621
831 802
525 479
493 434
72 857
415 11
272 267
222 197
791 380
391 18
283 909
567 149
328 50
46 668
461 397
515 503
626 597
958 620
155 833
409 625
712 118
142 633
898 567
833 710
550 263
656 621
821 429
414 781
162 250
155 956
165 875
157 53
858 162
164 921
377 924
981 777
731 97
783 7
986 177
751 883
593 369
588 430
924 255
726 55
986 800
887 480
752 301
92 774
271 497
690 87
577 182
136 428
800 147
118 207
236 101
221 727
496 506
72 697
273 134
296 33
903 646
503 654
988 494
291 870
643 221
607 276
965 954
538 301
353 33
832 945
906 528
250 522
145 622
720 946
741 964
125 383
508 617
550 926
997 699
194 696
266 797
763 969
564 166
751 396
701 627
885 470
478 788
695 85
68 39
244 369
686 392
394 8
445 891
789 897
793 326
470 870
825 853
20 49
404 336
243 296
41 538
579 450
462 714
800 533
546 9
820 984
489 680
241 929
938 367
100 118
747 760
592 998
773 191
833 460
9 2
47 574
468 609
485 525
553 989
535 914
282 749
559 743
415 843
701 446
801 264
199 49
98 531
296 336
578 90
485 880
144 932
587 392
970 272
529 279
752 216
291 548
753 881
743 410
681 125
314 638
900 281
294 568
596 136
874 598
767 481
736 539
633 901
449 151
266 588
448 871
68 432
892 866
148 616
560 600
98 763
408 260
45 49
463 294
232 712
379 811
729 692
197 886
680 336
241 782
619 357
319 576
822 282
241 671
388 389
154 970
106 451
569 553
1 85
497 966
828 542
647 58
225 567
101 204
661 106
958 548
584 121
381 317
78 327
171 35
747 884
971 568
219 319
946 886
674 201
12 800
792 260
940 388
513 766
458 591
455 137
65 247
86 175
514 948
217 44
979 651
273 770
365 156
87 853
761 687
746 130
109 151
257 679
165 22
771 119
341 585
717 698
390 788
931 560
115 693
645 574
409 318
943 185
589 275
182 517
535 3
439 494
775 528
776 434
870 918
767 106
389 654
991 594
478 547
687 404
766 342
818 549
10 508
259 801
589 600
495 149
300 101
546 397
174 442
323 796
825 578
651 202
585 322
555 630
926 95
379 386
513 30
988 727
915 926
6 61
835 617
52 360
506 515
158 136
87 34
954 875
703 916
229 797
513 824
952 264
401 518
795 455
885 962
669 181
53 144
440 203
646 143
851 831
856 215
469 64
551 6
789 637
526 832
947 813
513 587
843 972
288 364
830 218
522 747
583 774
347 778
667 299
403 1
944 629
339 650
129 575
748 854
967 500
625 229
365 418
501 98
139 675
636 995
529 479
896 998
914 275
166 428
210 756
743 418
924 344
265 973
819 434
966 199
18 751
37 337
130 469
574 392
867 414
260 560
634 127
545 646
912 143
822 902
895 116
974 637
331 717
233 463
748 282
680 10
793 813
922 75
390 685
139 367
158 665
257 248
594 835
885 320
79 185
82 111
979 903
339 292
419 978
140 787
392 720
10 355
708 350
429 363
687 821
664 988
42 912
558 312
409 711
428 165
394 21
547 41
768 778
555 594
547 324
402 667
703 827
7 880
764 827
778 304
730 839
966 847
317 660
683 327
890 330
189 530
669 232
707 77
11 450
147 2
812 752
371 544
835 145
251 950
507 32
824 222
440 231
591 884
479 206
62 98
134 415
462 824
411 806
319 742
657 979
394 651
199 76
695 843
404 776
169 137
422 245
995 53
959 982
308 396
86 326
342 956
934 144
826 889
554 420
868 412
360 651
130 663
807 627
321 84
446 985
785 81
307 309
297 271
248 475
581 487
981 317
838 478
415 315
219 682
494 596
387 282
889 86
332 343
727 946
425 636
882 847
947 483
508 763
36 130
718 418
500 87
687 493
909 867
508 618
626 274
664 538
684 677
558 122
214 700
146 820
129 2
334 69
11 55
945 928
638 55
50 516
470 901
769 210
236 863
69 623
867 878
975 708
300 444
673 574
231 596
402 620
789 896
629 577
189 852
940 236
198 898
739 698
190 358
816 945
467 991
725 612
837 918
588 284
128 258
898 826
114 407
384 88
137 84
583 539
380 310
899 744
238 844
942 846
156 817
144 647
696 948
626 397
130 934
407 310
725 311
7 158
639 657
765 566
696 35
792 630
887 455
450 710
948 377
819 214
606 373
697 703
915 368
256 819
13 179
597 94
178 252
455 744
203 275
98 39
615 590
728 146
869 359
677 103
862 61
165 851
39 894
957 471
743 490
66 696
400 108
255 220
771 15
705 279
818 14
715 666
18 582
443 63
282 499
49 420
944 628
505 746
639 11
895 413
418 755
217 438
465 308
601 402
358 57
81 996
10 424
92 252
572 822
599 751
606 525
845 875
348 693
684 431
562 258
430 743
859 947
751 129
863 859
756 297
416 599
63 131
266 483
158 173
842 830
57 478
534 600
938 433
959 453
636 310
87 142
168 24
733 696
385 566
336 242
835 216
877 845
660 917
679 91
554 738
378 652
794 863
692 486
816 894
147 215
122 733
497 402
354 381
173 983
82 812
798 654
915 179
808 650
223 13
578 12
979 215
817 944
268 572
804 990
259 899
863 61
207 569
652 666
156 969
593 602
153 629
373 978
28 307
440 708
452 829
997 231
972 506
331 450
635 737
448 166
994 241
317 924
211 137
549 209
18 539
176 658
67 966
966 506
736 407
535 115
258 477
542 693
547 591
693 823
196 369
736 262
790 39
462 212
604 261
243 545
861 402
267 730
448 657
841 862
220 397
89 512
873 461
338 609
659 710
310 186
18 718
964 519
67 403
418 219
882 276
168 814
501 922
542 128
176 265
695 657
322 141
359 546
256 145
739 754
954 845
872 401
102 538
470 30
470 509
77 856
534 549
462 946
726 335
194 212
13 688
285 139
826 401
540 222
481 928
812 668
337 708
411 861
449 386
568 200
109 88
61 789
834 23
378 139
414 723
199 107
114 965
216 322
562 941
49 838
963 566
910 83
971 99
574 220
957 204
632 941
540 872
990 940
905 450
361 982
748 230
587 32
143 582
292 396
629 357
330 129
544 253
25 10
951 688
239 642
40 76
984 524
943 860
508 865
878 771
19 810
421 578
460 936
118 692
72 972
254 468
883 516
59 198
296 756
903 467
262 258
729 578
72 859
533 946
515 219
917 339
353 854
262 360
258 707
41 721
775 938
285 601
870 108
749 20
430 573
289 703
860 50
586 950
955 238
957 820
48 2
197 623
662 491
302 86
371 916
120 404
621 972
696 605
402 664
739 641
236 198
872 382
545 328
618 270
871 624
911 297
574 557
408 18
356 38
744 684
769 689
219 358
57 135
206 608
388 665
535 819
712 992
924 842
392 75
450 961
401 259
429 693
302 573
393 359
344 499
881 60
916 533
956 714
60 503
756 852
782 122
863 117
4 222
467 348
298 705
360 652
307 391
201 648
826 21
523 56
264 498
925 995
292 681
696 469
207 279
317 851
516 343
615 779
508 645
880 816
775 603
80 936
10 595
12 5
840 414
503 942
931 809
467 420
737 10
685 362
390 654
687 492
162 745
783 953
533 982
435 807
860 720
537 275
741 595
375 757
31 25
509 15
917 472
116 151
941 418
355 370
234 481
585 392
683 277
977 342
444 781
104 710
285 271
12 585
113 520
475 929
269 110
849 156
355 599
29 778
945 641
452 407
518 214
650 86
545 340
